
6001  	модификация	модификация	s	15.5	0.3	0.0	0.9	0.0	1.8	19.5	
6002  	напасть	напасть	v	15.5	24.5	25.3	24.9	5.9	19.8	11.8	
6003  	наполовину	наполовину	adv	15.5	25.5	21.2	22.1	22.2	13.2	13.2	
6004  	настойчиво	настойчиво	adv	15.5	24.8	18.3	17.2	26.7	24.2	15.0	
6005  	подписывать	подписывать	v	15.5	15.4	13.2	12.3	16.3	22.0	21.2	
6006  	поздравить	поздравить	v	15.5	13.8	20.7	13.0	11.9	16.5	19.8	
6007  	покрывать	покрывать	v	15.5	15.8	13.1	15.9	17.8	15.0	13.5	
6008  	роскошь	роскошь	s	15.5	8.2	9.1	16.8	32.6	12.8	19.9	
6009  	рубка	рубка	s	15.5	29.9	22.9	5.7	7.4	4.8	9.3	
6010  	рыбка	рыбка	s	15.5	18.6	22.9	27.2	1.5	10.3	11.1	
6011  	сокровище	сокровище	s	15.5	18.1	12.0	23.4	16.3	19.1	13.7	
6012  	сработать	сработать	v	15.5	12.4	10.1	21.7	4.5	13.9	18.4	
6013  	твердить	твердить	v	15.5	18.3	28.4	20.8	29.6	18.3	14.1	
6014  	ткнуть	ткнуть	v	15.5	25.9	30.3	38.9	5.9	6.6	4.1	
6015  	тропинка	тропинка	s	15.5	39.2	28.5	26.2	25.2	12.5	7.9	
6016  	трусы	трусы	s	15.5	17.4	18.5	35.1	10.4	14.3	7.8	
6017  	формат	формат	s	15.5	0.7	2.9	2.3	10.4	2.2	21.9	
6018  	белорусский	белорусский	a	15.4	5.1	9.6	6.6	11.9	16.5	25.3	
6019  	биология	биология	s	15.4	6.7	13.8	4.0	10.4	12.1	9.8	
6020  	босой	босой	a	15.4	42.7	35.3	29.3	16.3	14.3	5.2	
6021  	ежедневный	ежедневный	a	15.4	6.7	8.9	11.5	28.2	23.5	21.1	
6022  	зам	зам	s	15.4	2.7	10.9	15.2	13.3	12.8	23.6	
6023  	катиться	катиться	v	15.4	39.7	36.1	24.6	17.8	10.3	7.3	
6024  	красавец	красавец	s	15.4	18.3	19.9	26.0	22.2	12.1	12.3	
6025  	кушать	кушать	v	15.4	23.2	23.5	23.7	8.9	7.3	8.4	
6026  	новинка	новинка	s	15.4	2.1	6.7	3.7	13.3	18.0	24.1	
6027  	поднести	поднести	v	15.4	38.5	31.1	32.6	5.9	9.2	4.6	
6028  	помидор	помидор	s	15.4	11.3	20.1	15.8	8.9	29.4	16.2	
6029  	попрощаться	попрощаться	v	15.4	30.7	27.1	25.1	5.9	12.5	11.4	
6030  	прическа	прическа	s	15.4	20.7	24.0	22.7	32.6	14.7	12.8	
6031  	пустынный	пустынный	a	15.4	33.0	31.9	21.3	32.6	32.3	8.8	
6032  	рецензия	рецензия	s	15.4	2.5	7.5	7.8	23.7	26.1	26.6	
6033  	рубить	рубить	v	15.4	29.2	25.2	22.5	7.4	22.0	10.9	
6034  	салат	салат	s	15.4	11.3	7.4	19.0	7.4	14.3	17.6	
6035  	терпеливо	терпеливо	adv	15.4	27.8	26.5	25.6	17.8	17.2	10.9	
6036  	хоронить	хоронить	v	15.4	17.9	24.6	24.1	17.8	12.8	13.8	
6037  	экономия	экономия	s	15.4	14.4	5.6	6.2	23.7	13.9	19.4	
6038  	эстрада	эстрада	s	15.4	8.0	11.9	8.5	51.9	61.3	22.9	
6039  	аппетит	аппетит	s	15.3	23.2	18.0	17.6	8.9	15.4	15.1	
6040  	банда	банда	s	15.3	9.2	21.2	18.2	16.3	11.4	20.1	
6041  	борец	борец	s	15.3	10.6	10.4	13.7	48.9	20.9	22.4	
6042  	вылезать	вылезать	v	15.3	37.9	20.9	26.9	17.8	11.0	9.2	
6043  	интуиция	интуиция	s	15.3	5.5	14.1	14.5	3.0	13.2	12.9	
6044  	контур	контур	s	15.3	12.9	5.9	10.8	10.4	12.1	11.6	
6045  	маневр	маневр	s	15.3	8.3	13.3	11.3	19.3	11.0	21.0	
6046  	мрачно	мрачно	adv	15.3	25.7	25.6	35.0	17.8	11.7	6.4	
6047  	мучиться	мучиться	v	15.3	23.4	23.8	24.1	10.4	11.4	12.1	
6048  	наткнуться	наткнуться	v	15.3	20.4	28.3	28.1	10.4	9.9	10.2	
6049  	обрыв	обрыв	s	15.3	53.0	31.3	19.3	31.1	15.0	7.2	
6050  	огненный	огненный	a	15.3	28.5	23.1	23.8	7.4	10.6	10.6	
6051  	отделить	отделить	v	15.3	9.2	12.8	11.5	11.9	23.5	13.8	
6052  	отметка	отметка	s	15.3	15.6	14.1	5.8	23.7	15.8	19.8	
6053  	привыкать	привыкать	v	15.3	16.1	18.4	19.0	16.3	27.5	14.7	
6054  	проживание	проживание	s	15.3	0.5	1.8	4.6	1.5	6.2	22.0	
6055  	разрез	разрез	s	15.3	9.0	4.0	7.0	4.5	7.3	9.1	
6056  	разрушать	разрушать	v	15.3	11.0	9.2	9.2	19.3	17.6	18.4	
6057  	реветь	реветь	v	15.3	46.3	33.0	24.8	16.3	7.0	7.6	
6058  	ревность	ревность	s	15.3	15.2	15.1	24.0	10.4	13.9	13.8	
6059  	скакать	скакать	v	15.3	24.1	28.4	28.0	7.4	12.1	8.9	
6060  	сотрудничать	сотрудничать	v	15.3	5.0	3.2	5.7	4.5	8.4	27.4	
6061  	сражаться	сражаться	v	15.3	15.4	15.2	16.3	22.2	23.5	18.7	
6062  	теракт	теракт	s	15.3	0.0	0.6	2.2	0.0	0.0	36.3	
6063  	уронить	уронить	v	15.3	24.1	33.9	31.5	10.4	9.5	6.5	
6064  	фуражка	фуражка	s	15.3	54.4	37.5	21.9	19.3	20.9	6.7	
6065  	хохот	хохот	s	15.3	23.2	27.5	26.5	26.7	24.9	10.4	
6066  	шелковый	шелковый	a	15.3	28.9	19.2	29.5	34.1	15.8	8.0	
6067  	шина	шина	s	15.3	7.4	7.4	5.9	11.9	5.5	27.4	
6068  	больничный	больничный	a	15.2	11.5	18.7	28.4	3.0	16.1	12.2	
6069  	бронзовый	бронзовый	a	15.2	23.4	19.1	19.1	17.8	11.0	15.1	
6070  	валенок	валенок	s	15.2	58.5	37.1	15.3	29.6	17.6	9.1	
6071  	ввиду	ввиду	pr	15.2	5.0	8.1	7.6	40.0	23.1	15.1	
6072  	вертеться	вертеться	v	15.2	33.7	32.9	25.1	16.3	16.1	7.9	
6073  	всяческий	всяческий	a	15.2	8.0	16.2	18.1	32.6	25.3	17.4	
6074  	выкинуть	выкинуть	v	15.2	19.0	21.2	27.5	10.4	11.0	9.5	
6075  	выходной	выходной	a	15.2	15.2	13.1	10.8	7.4	23.9	13.4	
6076  	диагностика	диагностика	s	15.2	0.5	0.5	0.7	1.5	1.1	9.7	
6077  	заблуждение	заблуждение	s	15.2	10.3	13.4	11.5	29.6	17.6	18.7	
6078  	заводской	заводской	a	15.2	11.9	10.6	10.5	43.0	27.9	21.1	
6079  	заповедь	заповедь	s	15.2	3.2	6.1	8.2	8.9	12.8	15.6	
6080  	излишний	излишний	a	15.2	10.8	10.9	12.4	13.3	18.3	19.0	
6081  	каникулы	каникулы	s	15.2	12.4	16.9	14.1	44.5	16.5	18.6	
6082  	комар	комар	s	15.2	23.6	20.9	21.8	11.9	11.7	8.3	
6083  	контейнер	контейнер	s	15.2	4.2	8.8	12.8	5.9	1.8	17.1	
6084  	координата	координата	s	15.2	5.7	3.7	8.1	3.0	5.9	11.7	
6085  	лопнуть	лопнуть	v	15.2	27.6	23.7	27.2	7.4	9.5	9.8	
6086  	люк	люк	s	15.2	38.8	15.5	21.4	8.9	4.8	12.5	
6087  	майка	майка	s	15.2	17.2	24.3	29.6	10.4	9.2	10.1	
6088  	нары	нары	s	15.2	53.7	25.6	13.3	7.4	64.9	11.4	
6089  	небось	небось	part	15.2	48.9	44.9	27.4	5.9	5.5	2.8	
6090  	неправильно	неправильно	adv	15.2	12.4	15.7	17.0	13.3	16.5	14.4	
6091  	отработать	отработать	v	15.2	7.4	9.2	11.3	7.4	13.2	21.0	
6092  	парус	парус	s	15.2	24.6	40.3	14.4	44.5	11.4	12.7	
6093  	перец	перец	s	15.2	6.7	7.5	7.1	5.9	21.6	21.4	
6094  	пират	пират	s	15.2	35.1	26.5	30.2	13.3	2.9	7.4	
6095  	пластиковый	пластиковый	a	15.2	1.2	4.0	22.0	0.0	6.2	19.4	
6096  	презирать	презирать	v	15.2	26.2	29.5	21.5	26.7	20.2	10.8	
6097  	прибежать	прибежать	v	15.2	40.8	35.0	22.0	19.3	19.1	8.3	
6098  	расположиться	расположиться	v	15.2	17.0	17.0	22.1	20.8	21.3	15.0	
6099  	родительский	родительский	a	15.2	4.1	12.2	15.6	14.8	16.5	12.8	
6100  	сбегать	сбегать	v	15.2	45.0	34.9	25.5	11.9	11.0	6.3	
6101  	сегмент	сегмент	s	15.2	1.1	0.6	1.2	3.0	0.4	18.7	
6102  	скромно	скромно	adv	15.2	22.1	20.1	21.6	13.3	20.9	14.9	
6103  	смущать	смущать	v	15.2	13.1	17.8	19.4	17.8	17.6	15.7	
6104  	снизиться	снизиться	v	15.2	2.3	1.3	2.1	4.5	4.0	25.9	
6105  	стенд	стенд	s	15.2	6.6	4.0	7.5	14.8	8.1	25.2	
6106  	тигр	тигр	s	15.2	32.8	16.0	14.4	5.9	13.9	18.5	
6107  	убедительный	убедительный	a	15.2	6.6	8.4	12.2	17.8	16.9	19.6	
6108  	удивлять	удивлять	v	15.2	18.1	18.5	13.4	22.2	22.4	18.5	
6109  	упоминаться	упоминаться	v	15.2	5.3	7.2	5.5	26.7	15.4	20.0	
6110  	устранение	устранение	s	15.2	1.8	0.9	4.2	14.8	6.2	14.9	
6111  	аптека	аптека	s	15.1	12.8	13.4	14.5	10.4	10.3	15.9	
6112  	бак	бак	s	15.1	18.1	13.8	15.2	6.1	16.5	15.9	
6113  	безумие	безумие	s	15.1	14.7	19.1	22.7	22.2	13.6	13.8	
6114  	будить	будить	v	15.1	24.6	23.0	23.2	13.3	22.7	10.4	
6115  	вздрагивать	вздрагивать	v	15.1	42.7	40.8	27.9	4.5	6.6	5.0	
6116  	дежурство	дежурство	s	15.1	19.1	18.4	17.2	13.3	13.2	15.4	
6117  	залезть	залезть	v	15.1	27.5	28.0	27.6	8.9	9.9	8.3	
6118  	ислам	ислам	s	15.1	0.0	0.0	1.8	0.0	1.5	32.5	
6119  	кирпичный	кирпичный	a	15.1	24.3	21.1	22.6	28.2	16.1	12.1	
6120  	кустарник	кустарник	s	15.1	28.0	19.4	12.0	10.4	10.3	11.5	
6121  	мертвый	мертвый	s	15.1	18.4	21.0	24.9	14.8	11.4	9.1	
6122  	мониторинг	мониторинг	s	15.1	0.0	0.0	0.0	0.0	0.0	13.3	
6123  	ограничивать	ограничивать	v	15.1	4.6	4.6	4.4	5.9	11.0	17.5	
6124  	отводить	отводить	v	15.1	18.3	18.3	21.9	7.4	16.9	10.7	
6125  	откровение	откровение	s	15.1	5.1	8.9	14.2	25.2	4.8	17.0	
6126  	оцениваться	оцениваться	v	15.1	0.5	1.0	0.9	5.9	2.6	22.1	
6127  	павильон	павильон	s	15.1	7.6	7.0	11.5	20.8	16.9	21.5	
6128  	подчиненный	подчиненный	s	15.1	13.1	15.2	14.9	11.9	11.7	19.9	
6129  	помещаться	помещаться	v	15.1	19.7	22.6	15.3	28.2	26.4	12.3	
6130  	поплыть	поплыть	v	15.1	31.9	33.5	31.0	11.9	5.9	5.9	
6131  	проводник	проводник	s	15.1	9.8	24.0	19.9	11.9	14.3	11.6	
6132  	пространственный	пространственный	a	15.1	1.2	1.9	1.4	1.5	2.2	6.2	
6133  	проявиться	проявиться	v	15.1	4.8	5.8	9.8	11.9	23.5	19.3	
6134  	ранение	ранение	s	15.1	22.1	17.3	13.2	4.5	12.1	20.9	
6135  	санкция	санкция	s	15.1	2.8	2.8	5.3	4.5	7.3	23.5	
6136  	серебро	серебро	s	15.1	9.8	17.9	17.8	3.0	5.9	14.2	
6137  	составляющая	составляющая	s	15.1	0.0	1.3	1.8	0.0	0.0	18.3	
6138  	спустить	спустить	v	15.1	25.9	23.1	26.7	11.9	11.7	9.8	
6139  	схватиться	схватиться	v	15.1	34.9	31.9	31.4	4.5	6.2	5.7	
6140  	табличка	табличка	s	15.1	10.3	20.5	26.0	10.4	10.3	11.8	
6141  	тоненький	тоненький	a	15.1	42.2	31.1	23.9	16.3	17.6	7.5	
6142  	уделять	уделять	v	15.1	3.9	2.3	3.8	25.2	22.4	21.4	
6143  	валить	валить	v	15.0	26.2	32.1	25.6	22.2	16.5	8.6	
6144  	взлететь	взлететь	v	15.0	25.4	27.1	27.9	13.3	10.3	9.5	
6145  	внушать	внушать	v	15.0	17.7	14.6	18.7	20.8	31.2	14.0	
6146  	глупо	глупо	adv	15.0	28.7	23.4	27.1	3.0	13.6	9.3	
6147  	грядущий	грядущий	a	15.0	6.2	8.8	12.5	11.9	9.2	21.3	
6148  	ежели	ежели	conj	15.0	60.6	34.5	18.9	23.7	2.2	5.2	
6149  	закуска	закуска	s	15.0	11.9	21.5	26.1	7.4	13.2	13.8	
6150  	календарь	календарь	s	15.0	8.9	9.7	12.0	20.8	13.2	20.9	
6151  	командный	командный	a	15.0	19.9	5.1	4.5	13.3	33.4	22.7	
6152  	кулиса	кулиса	s	15.0	10.3	9.6	8.6	26.7	56.9	23.9	
6153  	мирно	мирно	adv	15.0	22.3	20.1	22.5	13.3	15.0	13.2	
6154  	неторопливо	неторопливо	adv	15.0	39.7	38.2	27.2	8.9	14.7	5.5	
6155  	опомниться	опомниться	v	15.0	28.9	34.0	28.9	7.4	5.9	6.2	
6156  	орбита	орбита	s	15.0	10.5	7.4	8.8	22.2	8.1	22.2	
6157  	очистка	очистка	s	15.0	4.2	3.8	4.9	8.9	8.1	12.3	
6158  	подмосковный	подмосковный	a	15.0	7.3	6.0	9.3	11.9	15.4	26.7	
6159  	просвещение	просвещение	s	15.0	3.4	4.5	3.5	62.3	35.6	17.2	
6160  	публиковать	публиковать	v	15.0	1.9	3.2	4.7	22.2	15.0	25.7	
6161  	расписание	расписание	s	15.0	10.5	13.9	13.2	10.4	9.5	14.6	
6162  	свитер	свитер	s	15.0	15.2	22.2	31.2	13.3	9.9	9.8	
6163  	сотворить	сотворить	v	15.0	6.4	9.2	17.1	7.4	9.2	12.4	
6164  	сравнительный	сравнительный	a	15.0	1.8	1.9	1.6	5.9	5.9	6.3	
6165  	сходный	сходный	a	15.0	6.4	5.1	4.9	4.5	15.4	12.2	
6166  	терраса	терраса	s	15.0	47.5	11.1	18.9	32.6	15.8	10.2	
6167  	укол	укол	s	15.0	14.9	28.4	23.2	11.9	8.4	11.8	
6168  	упрек	упрек	s	15.0	22.5	16.1	13.3	37.1	22.7	17.8	
6169  	холдинг	холдинг	s	15.0	0.0	0.0	4.5	0.0	0.0	32.6	
6170  	цепляться	цепляться	v	15.0	32.4	27.9	26.4	4.5	11.4	8.2	
6171  	эхо	эхо	s	15.0	16.7	15.2	21.2	7.4	9.5	15.5	
6172  	атаковать	атаковать	v	14.9	9.8	24.0	8.5	14.8	9.2	17.7	
6173  	беременный	беременный	a	14.9	4.6	12.7	21.7	3.0	6.2	11.3	
6174  	грамотный	грамотный	a	14.9	11.0	13.7	10.2	13.3	15.4	19.9	
6175  	грусть	грусть	s	14.9	22.9	23.1	20.9	32.6	21.6	12.3	
6176  	достоверный	достоверный	a	14.9	4.6	6.5	5.0	8.9	14.3	13.2	
6177  	злиться	злиться	v	14.9	23.9	35.3	28.4	16.3	9.2	6.4	
6178  	количественный	количественный	a	14.9	1.6	1.5	1.0	3.0	2.9	8.6	
6179  	конструктивный	конструктивный	a	14.9	3.0	0.8	1.2	7.4	7.3	18.3	
6180  	лебедь	лебедь	s	14.9	14.5	14.1	11.3	20.8	7.7	23.4	
6181  	наводить	наводить	v	14.9	12.9	15.5	18.2	14.8	13.9	16.2	
6182  	немногий	немногий	apro	14.9	8.5	11.5	10.9	23.7	20.5	19.4	
6183  	оправдываться	оправдываться	v	14.9	25.9	21.9	23.9	16.3	11.4	11.3	
6184  	отделять	отделять	v	14.9	18.4	15.5	14.0	17.8	17.6	12.0	
6185  	первое	первое	s	14.9	8.9	13.6	12.2	17.8	15.8	16.7	
6186  	поставлять	поставлять	v	14.9	3.2	3.3	5.7	8.9	12.8	23.2	
6187  	пошутить	пошутить	v	14.9	24.5	29.2	23.4	13.3	13.2	10.9	
6188  	прекратиться	прекратиться	v	14.9	17.6	17.1	17.2	26.7	15.8	14.4	
6189  	призрак	призрак	s	14.9	16.3	13.1	20.9	26.7	22.7	13.8	
6190  	работодатель	работодатель	s	14.9	0.0	0.0	2.4	0.0	0.0	25.4	
6191  	разработчик	разработчик	s	14.9	0.0	0.0	1.0	0.0	0.7	26.1	
6192  	репетировать	репетировать	v	14.9	2.8	7.5	8.2	13.3	67.9	25.5	
6193  	ритуал	ритуал	s	14.9	3.9	6.4	18.3	11.9	12.8	16.2	
6194  	сказываться	сказываться	v	14.9	7.3	8.7	6.1	17.8	20.5	19.9	
6195  	склониться	склониться	v	14.9	38.1	24.9	31.1	10.4	9.2	5.7	
6196  	стая	стая	s	14.9	15.6	20.7	22.6	22.2	21.3	12.4	
6197  	схватка	схватка	s	14.9	10.1	13.8	18.6	13.3	13.6	18.9	
6198  	террор	террор	s	14.9	7.1	6.3	5.7	7.4	32.6	27.4	
6199  	тревожить	тревожить	v	14.9	28.0	28.3	19.9	11.9	20.5	11.4	
6200  	ударный	ударный	a	14.9	7.3	6.5	5.5	16.3	17.6	19.4	
6201  	упереться	упереться	v	14.9	34.9	30.1	29.0	5.9	11.0	6.4	
6202  	хутор	хутор	s	14.9	23.8	35.3	24.7	13.3	11.7	7.9	
6203  	биржа	биржа	s	14.8	1.2	4.0	6.2	3.0	5.9	23.1	
6204  	взыскание	взыскание	s	14.8	5.1	1.0	1.5	7.4	5.1	9.3	
6205  	вице-президент	вице-президент	s	14.8	0.5	1.7	3.7	1.5	4.8	32.7	
6206  	героический	героический	a	14.8	11.2	14.3	11.0	115.6	31.6	16.8	
6207  	гимн	гимн	s	14.8	4.8	7.4	10.6	29.6	9.9	22.3	
6208  	диктовать	диктовать	v	14.8	11.5	10.6	11.9	16.3	19.8	19.3	
6209  	дремать	дремать	v	14.8	26.4	25.1	25.6	14.8	24.9	9.0	
6210  	задержка	задержка	s	14.8	8.9	7.8	7.1	11.9	12.5	15.9	
6211  	зарасти	зарасти	v	14.8	28.0	30.4	26.6	20.8	15.0	7.0	
6212  	исток	исток	s	14.8	2.5	4.5	6.0	23.7	16.1	20.4	
6213  	критиковать	критиковать	v	14.8	8.0	5.9	3.4	38.5	38.1	24.9	
6214  	лишать	лишать	v	14.8	10.8	10.0	12.6	13.3	19.1	17.3	
6215  	мощь	мощь	s	14.8	18.4	9.8	12.6	14.8	17.6	18.7	
6216  	налет	налет	s	14.8	27.1	13.6	13.5	7.4	21.6	16.1	
6217  	научно-технический	научно-технический	a	14.8	0.5	4.0	0.8	4.5	14.3	17.8	
6218  	носиться	носиться	v	14.8	20.7	25.7	24.2	26.7	13.2	10.6	
6219  	обречь	обречь	v	14.8	13.5	13.3	12.4	23.7	24.2	19.4	
6220  	обрушиться	обрушиться	v	14.8	22.7	17.9	19.4	16.3	16.5	15.6	
6221  	ограничиться	ограничиться	v	14.8	6.4	8.3	9.4	11.9	15.4	22.3	
6222  	одеться	одеться	v	14.8	27.5	27.0	28.4	16.3	17.2	7.0	
6223  	пересмотр	пересмотр	s	14.8	1.1	1.8	1.2	7.4	14.7	18.2	
6224  	пионер	пионер	s	14.8	17.4	15.9	13.7	69.7	17.6	16.7	
6225  	подставить	подставить	v	14.8	22.9	23.0	28.9	1.5	9.2	8.3	
6226  	подчинить	подчинить	v	14.8	15.9	8.4	7.3	22.2	20.9	17.4	
6227  	прижимать	прижимать	v	14.8	38.6	25.1	29.2	8.9	6.2	6.0	
6228  	припомнить	припомнить	v	14.8	16.8	24.2	24.8	14.8	25.3	10.2	
6229  	путать	путать	v	14.8	16.1	23.1	19.8	7.4	16.9	13.1	
6230  	сократиться	сократиться	v	14.8	2.3	1.5	1.8	4.5	11.7	26.9	
6231  	сонный	сонный	a	14.8	33.1	28.4	27.1	17.8	8.1	6.2	
6232  	сытый	сытый	a	14.8	24.6	25.4	21.3	11.9	19.8	12.0	
6233  	увлечь	увлечь	v	14.8	13.7	12.4	15.9	25.2	20.9	17.9	
6234  	удаляться	удаляться	v	14.8	28.7	23.9	22.1	16.3	9.2	7.7	
6235  	бал	бал	s	14.7	11.7	15.9	15.0	20.8	22.0	19.3	
6236  	братец	братец	s	14.7	38.6	45.8	21.6	13.3	7.3	5.0	
6237  	виднеться	виднеться	v	14.7	46.3	32.9	25.8	19.3	13.6	5.2	
6238  	всячески	всячески	adv	14.7	9.9	11.5	11.0	23.7	19.4	21.5	
6239  	грек	грек	s	14.7	6.6	10.7	18.6	10.4	17.2	12.4	
6240  	губерния	губерния	s	14.7	3.7	8.1	7.6	32.6	36.3	19.8	
6241  	джип	джип	s	14.7	0.5	1.0	37.7	0.0	2.9	13.8	
6242  	дирижер	дирижер	s	14.7	2.7	14.1	5.1	26.7	36.0	26.8	
6243  	железа	железа	s	14.7	3.4	3.8	3.5	4.5	0.7	11.5	
6244  	загнать	загнать	v	14.7	18.3	23.3	22.1	7.4	17.6	13.1	
6245  	запланировать	запланировать	v	14.7	3.9	3.3	5.1	4.5	8.4	28.3	
6246  	инспекция	инспекция	s	14.7	3.9	3.1	4.8	10.4	2.6	26.0	
6247  	итальянец	итальянец	s	14.7	14.9	7.2	10.2	17.8	14.3	23.0	
6248  	неповторимый	неповторимый	a	14.7	8.7	10.5	7.7	20.8	24.6	21.3	
6249  	новичок	новичок	s	14.7	12.2	25.4	10.6	16.3	36.0	18.5	
6250  	обладатель	обладатель	s	14.7	5.1	5.9	10.7	11.9	12.8	22.2	
6251  	обочина	обочина	s	14.7	22.0	18.7	24.8	16.3	10.6	12.7	
6252  	окоп	окоп	s	14.7	67.7	27.1	14.1	5.9	24.2	10.0	
6253  	перебраться	перебраться	v	14.7	16.7	19.1	21.0	19.3	13.6	15.3	
6254  	плясать	плясать	v	14.7	24.5	32.5	23.4	22.2	11.4	9.6	
6255  	побережье	побережье	s	14.7	8.5	7.7	8.6	29.6	26.1	19.0	
6256  	погибать	погибать	v	14.7	14.4	17.4	13.8	13.3	20.9	15.0	
6257  	поперечный	поперечный	a	14.7	6.7	5.5	3.4	3.0	5.9	6.1	
6258  	постигнуть	постигнуть	v	14.7	11.0	16.8	14.8	32.6	24.2	16.2	
6259  	предвидеть	предвидеть	v	14.7	16.8	16.9	12.7	23.7	23.1	15.7	
6260  	приемная	приемная	s	14.7	24.3	22.2	24.6	8.9	8.4	12.0	
6261  	прихватить	прихватить	v	14.7	19.3	28.1	28.5	5.9	14.7	9.0	
6262  	пробежать	пробежать	v	14.7	33.7	28.8	26.8	10.4	10.6	7.3	
6263  	прорыв	прорыв	s	14.7	20.4	6.4	6.5	5.9	18.7	22.3	
6264  	разбитый	разбитый	a	14.7	22.3	22.9	22.6	20.8	16.1	11.3	
6265  	руководящий	руководящий	a	14.7	5.5	6.5	3.1	22.2	36.3	20.7	
6266  	семнадцать	семнадцать	num	14.7	18.4	26.2	20.7	22.2	12.8	13.4	
6267  	смутиться	смутиться	v	14.7	36.2	29.2	31.6	7.4	11.7	4.8	
6268  	совпасть	совпасть	v	14.7	5.8	5.0	11.0	19.3	16.5	17.1	
6269  	тормоз	тормоз	s	14.7	12.4	9.5	15.8	11.9	9.9	18.3	
6270  	фасад	фасад	s	14.7	5.5	14.6	11.9	17.8	12.5	18.1	
6271  	чувствительный	чувствительный	a	14.7	9.6	6.7	7.7	25.2	14.7	13.1	
6272  	аналогия	аналогия	s	14.6	2.3	2.9	4.9	4.5	12.1	14.0	
6273  	бережно	бережно	adv	14.6	27.1	20.7	20.6	19.3	17.2	11.6	
6274  	бодрый	бодрый	a	14.6	23.4	22.1	20.4	22.2	19.4	11.7	
6275  	буржуазный	буржуазный	a	14.6	6.9	10.2	7.5	59.3	31.6	18.0	
6276  	восстание	восстание	s	14.6	10.1	13.6	9.7	54.9	46.6	16.9	
6277  	вырастать	вырастать	v	14.6	19.1	12.0	13.1	28.2	22.4	13.3	
6278  	дерьмо	дерьмо	s	14.6	7.8	24.2	35.1	0.0	4.4	7.2	
6279  	добровольно	добровольно	adv	14.6	10.3	12.0	12.6	7.4	14.7	19.1	
6280  	допустимый	допустимый	a	14.6	2.7	2.3	3.8	4.5	9.9	14.3	
6281  	истец	истец	s	14.6	0.9	0.5	1.4	0.0	0.7	8.4	
6282  	космонавт	космонавт	s	14.6	3.4	11.9	9.9	94.9	25.7	21.8	
6283  	кухонный	кухонный	a	14.6	13.7	17.9	26.5	4.5	11.0	13.1	
6284  	маг	маг	s	14.6	6.4	8.1	46.0	5.9	5.5	4.7	
6285  	моментально	моментально	adv	14.6	11.3	9.1	26.3	8.9	9.9	14.7	
6286  	наливать	наливать	v	14.6	22.9	26.0	28.4	10.4	12.5	6.8	
6287  	пошлина	пошлина	s	14.6	0.0	0.0	2.5	1.5	0.0	25.1	
6288  	пытка	пытка	s	14.6	23.4	12.2	16.7	13.3	41.8	14.2	
6289  	ржавый	ржавый	a	14.6	22.7	28.4	31.6	8.9	7.7	7.0	
6290  	сервис	сервис	s	14.6	2.5	1.0	6.4	1.5	4.0	22.8	
6291  	скамья	скамья	s	14.6	33.9	28.3	18.6	28.2	26.8	10.0	
6292  	смелость	смелость	s	14.6	18.3	16.5	11.7	32.6	31.9	16.8	
6293  	стремительный	стремительный	a	14.6	19.0	19.4	16.6	20.8	20.2	14.6	
6294  	табуретка	табуретка	s	14.6	44.3	27.5	27.7	5.9	10.6	5.9	
6295  	тост	тост	s	14.6	10.6	18.9	23.2	19.3	8.4	14.9	
6296  	турок	турок	s	14.6	6.2	78.4	9.4	10.4	22.4	8.8	
6297  	тусклый	тусклый	a	14.6	32.3	24.4	30.0	14.8	11.0	5.7	
6298  	ура	ура	intj	14.6	24.8	27.9	16.4	14.8	8.8	12.3	
6299  	фильтр	фильтр	s	14.6	6.0	4.3	6.7	1.5	5.9	13.4	
6300  	хлопоты	хлопоты	s	14.6	15.6	21.5	16.0	17.8	26.1	16.1	
6301  	античный	античный	a	14.5	7.3	5.4	9.2	13.3	10.3	11.1	
6302  	ассортимент	ассортимент	s	14.5	1.6	2.4	3.4	13.3	11.4	19.7	
6303  	возмущаться	возмущаться	v	14.5	17.6	17.1	18.4	16.3	23.1	15.8	
6304  	воробей	воробей	s	14.5	45.5	23.0	29.6	4.5	15.0	4.5	
6305  	высказывать	высказывать	v	14.5	12.8	8.8	5.6	14.8	32.3	19.3	
6306  	вяло	вяло	adv	14.5	23.8	23.7	28.2	10.4	10.6	9.2	
6307  	гимназия	гимназия	s	14.5	20.7	15.7	10.9	62.3	25.7	15.5	
6308  	гонять	гонять	v	14.5	20.0	28.9	22.2	13.3	10.6	11.2	
6309  	донести	донести	v	14.5	26.8	16.6	17.4	11.9	22.0	14.4	
6310  	загрязнение	загрязнение	s	14.5	0.0	2.6	0.8	0.0	22.4	11.0	
6311  	заказывать	заказывать	v	14.5	6.9	10.2	17.2	11.9	12.8	17.6	
6312  	зачем-то	зачем-то	advpro	14.5	24.3	26.7	31.1	7.4	8.4	7.0	
6313  	котенок	котенок	s	14.5	9.0	38.2	24.7	3.0	4.8	7.3	
6314  	мистер	мистер	s	14.5	10.5	16.9	25.4	11.9	21.3	14.0	
6315  	много	много	advpro	14.5	44.0	32.1	6.1	22.2	5.9	11.3	
6316  	научно-исследовательский	научно-исследовательский	a	14.5	3.7	2.6	2.3	22.2	16.9	17.6	
6317  	невыносимый	невыносимый	a	14.5	22.9	18.4	23.5	14.8	13.2	11.6	
6318  	негр	негр	s	14.5	7.1	16.0	25.6	4.5	21.3	13.1	
6319  	нервно	нервно	adv	14.5	22.7	22.8	32.0	5.9	9.2	7.8	
6320  	низко	низко	adv	14.5	43.2	31.2	22.6	14.8	16.9	6.3	
6321  	оборвать	оборвать	v	14.5	31.7	29.9	27.6	13.3	13.9	6.3	
6322  	пехота	пехота	s	14.5	34.7	28.8	10.8	5.9	18.3	15.5	
6323  	плавно	плавно	adv	14.5	16.8	14.8	24.9	7.4	7.7	10.8	
6324  	презрение	презрение	s	14.5	26.4	25.8	18.4	20.8	16.9	11.4	
6325  	преодолевать	преодолевать	v	14.5	14.4	10.9	12.7	14.8	16.5	17.8	
6326  	претендент	претендент	s	14.5	0.7	2.0	5.9	4.5	8.4	27.1	
6327  	прирост	прирост	s	14.5	1.6	0.5	0.0	5.9	5.1	17.2	
6328  	присвоить	присвоить	v	14.5	5.3	7.8	9.6	19.3	17.2	20.6	
6329  	ребятишки	ребятишки	s	14.5	47.9	47.7	13.9	16.3	27.9	7.3	
6330  	сварить	сварить	v	14.5	20.7	21.9	19.9	10.4	15.8	9.6	
6331  	сдвинуть	сдвинуть	v	14.5	35.3	27.5	23.1	13.3	12.1	8.0	
6332  	согласовать	согласовать	v	14.5	3.7	2.9	4.0	7.4	11.7	21.0	
6333  	стон	стон	s	14.5	22.7	26.4	29.5	13.3	8.4	7.6	
6334  	сухо	сухо	adv	14.5	42.0	31.2	27.4	8.9	8.8	5.3	
6335  	треугольник	треугольник	s	14.5	14.4	11.2	12.7	7.4	6.6	10.9	
6336  	тридцатый	тридцатый	anum	14.5	14.5	19.1	15.5	41.5	31.2	14.8	
6337  	трудящийся	трудящийся	s	14.5	3.5	9.2	7.4	250.5	47.7	15.2	
6338  	увлечься	увлечься	v	14.5	13.7	16.0	17.4	16.3	18.0	16.2	
6339  	удовлетворять	удовлетворять	v	14.5	5.1	4.7	4.1	19.3	14.7	14.0	
6340  	участь	участь	s	14.5	11.2	13.4	15.8	31.1	30.8	16.8	
6341  	альтернатива	альтернатива	s	14.4	0.0	1.7	3.1	0.0	2.9	22.4	
6342  	анкета	анкета	s	14.4	21.4	11.1	10.7	11.9	26.4	14.8	
6343  	безнадежный	безнадежный	a	14.4	17.9	14.6	16.8	23.7	18.0	15.8	
6344  	бутерброд	бутерброд	s	14.4	15.1	21.7	27.7	7.4	9.2	10.3	
6345  	возмущение	возмущение	s	14.4	14.9	15.3	15.2	41.5	18.0	14.7	
6346  	выбрасывать	выбрасывать	v	14.4	15.2	18.5	18.8	13.3	18.3	13.1	
6347  	выучить	выучить	v	14.4	14.0	15.0	16.6	16.3	18.7	15.7	
6348  	гепатит	гепатит	s	14.4	0.0	0.0	1.1	0.0	1.5	5.1	
6349  	грудной	грудной	a	14.4	14.0	12.9	12.7	8.9	7.7	10.4	
6350  	доехать	доехать	v	14.4	19.7	19.6	22.7	10.4	13.6	11.3	
6351  	интеллект	интеллект	s	14.4	5.0	6.3	9.7	4.5	7.7	14.7	
6352  	невероятно	невероятно	adv	14.4	11.9	14.4	15.0	22.2	19.8	18.2	
6353  	отразиться	отразиться	v	14.4	11.2	10.5	10.1	22.2	13.2	18.1	
6354  	переходный	переходный	a	14.4	3.2	2.7	2.8	3.0	6.6	17.8	
6355  	писательский	писательский	a	14.4	2.7	9.3	11.7	56.3	27.1	23.7	
6356  	погаснуть	погаснуть	v	14.4	38.8	29.3	25.2	8.9	10.3	6.6	
6357  	подчас	подчас	adv	14.4	6.7	6.1	8.8	31.1	27.9	20.0	
6358  	последовательно	последовательно	adv	14.4	4.6	4.2	4.8	5.9	12.8	16.1	
6359  	предательство	предательство	s	14.4	15.4	11.5	16.9	14.8	19.1	17.1	
6360  	пристально	пристально	adv	14.4	38.5	26.4	25.3	7.4	12.1	7.2	
6361  	промысел	промысел	s	14.4	13.7	7.3	7.8	4.5	31.2	19.3	
6362  	райком	райком	s	14.4	37.2	22.2	10.5	81.5	52.1	13.3	
6363  	сало	сало	s	14.4	33.0	25.6	20.6	4.5	15.4	9.8	
6364  	снести	снести	v	14.4	13.8	20.9	20.5	4.5	7.3	14.0	
6365  	сторож	сторож	s	14.4	34.0	21.0	24.3	20.8	18.0	9.1	
6366  	террористический	террористический	a	14.4	5.3	2.9	3.6	7.4	6.6	26.0	
6367  	уменьшаться	уменьшаться	v	14.4	5.7	7.9	5.6	10.4	11.4	12.4	
6368  	человечек	человечек	s	14.4	21.6	34.9	26.0	5.9	7.0	7.2	
6369  	ваза	ваза	s	14.3	8.9	9.8	17.7	10.4	16.5	17.5	
6370  	виртуальный	виртуальный	a	14.3	0.0	0.0	4.3	0.0	0.0	24.0	
6371  	включаться	включаться	v	14.3	5.7	5.4	5.6	10.4	9.5	14.5	
6372  	волокно	волокно	s	14.3	1.6	3.2	3.1	40.0	5.5	6.8	
6373  	грузин	грузин	s	14.3	11.3	11.9	22.9	25.2	13.6	14.8	
6374  	двигать	двигать	v	14.3	17.9	19.8	18.7	10.4	14.7	12.4	
6375  	игла	игла	s	14.3	19.1	14.1	21.0	23.7	7.3	12.2	
6376  	курсант	курсант	s	14.3	54.6	20.3	16.5	40.0	3.3	11.5	
6377  	магический	магический	a	14.3	5.0	7.4	26.7	16.3	7.0	11.8	
6378  	магнитофон	магнитофон	s	14.3	13.7	28.5	19.6	10.4	18.0	11.9	
6379  	однозначно	однозначно	adv	14.3	0.0	2.0	6.7	0.0	2.9	18.6	
6380  	определиться	определиться	v	14.3	4.2	7.2	9.6	4.5	13.9	22.1	
6381  	оскорбить	оскорбить	v	14.3	17.6	20.6	20.8	16.3	15.0	12.2	
6382  	отзываться	отзываться	v	14.3	15.2	21.2	15.6	16.3	19.4	13.4	
6383  	пальма	пальма	s	14.3	9.4	28.1	19.9	17.8	7.0	12.3	
6384  	позабыть	позабыть	v	14.3	24.5	33.5	23.8	16.3	9.5	8.9	
6385  	прислушаться	прислушаться	v	14.3	34.0	24.0	23.3	1.5	11.7	8.9	
6386  	притом	притом	conj	14.3	13.8	12.8	10.9	29.6	49.9	13.8	
6387  	символический	символический	a	14.3	2.8	3.5	6.3	10.4	12.5	18.5	
6388  	складка	складка	s	14.3	26.9	19.8	22.1	22.2	13.6	6.8	
6389  	социологический	социологический	a	14.3	0.0	0.9	1.3	1.5	2.9	16.0	
6390  	спохватиться	спохватиться	v	14.3	29.2	37.2	29.6	1.5	5.5	4.8	
6391  	сумочка	сумочка	s	14.3	14.2	21.2	35.3	7.4	9.5	6.4	
6392  	теща	теща	s	14.3	18.8	24.4	24.1	4.5	13.9	10.2	
6393  	уставать	уставать	v	14.3	12.9	17.1	15.3	7.4	16.1	16.1	
6394  	хронический	хронический	a	14.3	1.9	5.0	5.2	8.9	5.5	15.1	
6395  	цифровой	цифровой	a	14.3	1.2	1.1	2.0	0.0	2.2	16.6	
6396  	шедевр	шедевр	s	14.3	3.4	9.3	10.1	20.8	12.1	23.4	
6397  	этика	этика	s	14.3	4.8	3.3	5.7	3.0	16.5	15.4	
6398  	юстиция	юстиция	s	14.3	1.6	0.6	1.6	7.4	6.6	17.9	
6399  	бес	бес	s	14.2	11.2	10.6	25.6	11.9	6.6	8.7	
6400  	веселье	веселье	s	14.2	13.3	20.5	21.8	22.2	21.3	12.3	
6401  	весы	весы	s	14.2	13.8	8.3	10.9	5.9	9.5	14.2	
6402  	виски	виски	s	14.2	14.4	18.3	32.7	10.4	4.8	8.9	
6403  	гибнуть	гибнуть	v	14.2	16.3	16.8	14.0	20.8	17.2	15.9	
6404  	живо	живо	adv	14.2	34.0	23.9	19.9	35.6	12.5	10.4	
6405  	жрать	жрать	v	14.2	16.5	28.9	31.5	5.9	4.4	5.2	
6406  	замкнутый	замкнутый	a	14.2	9.8	12.4	9.2	14.8	24.2	13.6	
6407  	изъять	изъять	v	14.2	4.6	6.5	10.2	13.3	10.6	20.8	
6408  	исчезновение	исчезновение	s	14.2	12.6	11.9	17.8	5.9	9.9	14.1	
6409  	назначать	назначать	v	14.2	7.8	7.8	8.7	4.5	14.3	18.7	
6410  	неподвижно	неподвижно	adv	14.2	52.6	30.8	25.4	7.4	8.1	3.7	
6411  	обком	обком	s	14.2	14.5	11.0	8.1	51.9	71.9	19.7	
6412  	объективно	объективно	adv	14.2	3.0	4.6	3.4	3.0	17.2	20.3	
6413  	оперный	оперный	a	14.2	2.5	6.1	6.1	74.1	19.8	27.5	
6414  	оплачивать	оплачивать	v	14.2	4.8	2.9	7.2	3.0	11.4	23.4	
6415  	персона	персона	s	14.2	10.8	11.4	18.4	4.5	16.5	17.5	
6416  	полярный	полярный	a	14.2	13.5	20.5	7.9	34.1	74.1	12.5	
6417  	поморщиться	поморщиться	v	14.2	34.9	28.6	35.1	3.0	5.1	2.5	
6418  	правосудие	правосудие	s	14.2	1.8	3.5	5.2	0.0	6.6	14.2	
6419  	предпосылка	предпосылка	s	14.2	1.4	2.0	1.4	5.9	5.1	15.4	
6420  	проститутка	проститутка	s	14.2	6.7	9.7	26.2	8.9	5.1	12.6	
6421  	прочно	прочно	adv	14.2	16.1	12.0	10.3	19.3	20.9	16.1	
6422  	равнодушно	равнодушно	adv	14.2	34.9	25.6	27.4	8.9	14.3	6.3	
6423  	реализоваться	реализоваться	v	14.2	0.9	0.8	1.6	1.5	4.4	15.3	
6424  	речной	речной	a	14.2	18.6	16.4	15.3	11.9	21.6	11.3	
6425  	рожать	рожать	v	14.2	5.8	19.3	19.6	3.0	5.9	11.8	
6426  	тактический	тактический	a	14.2	4.4	3.2	2.6	11.9	8.4	24.1	
6427  	торг	торг	s	14.2	1.9	2.3	6.9	4.5	8.4	22.9	
6428  	троллейбус	троллейбус	s	14.2	22.1	33.0	21.1	5.9	13.9	9.9	
6429  	фигурка	фигурка	s	14.2	26.1	15.3	22.0	14.8	16.9	10.9	
6430  	четырнадцать	четырнадцать	num	14.2	19.5	18.7	19.1	19.3	21.6	10.8	
6431  	взорваться	взорваться	v	14.1	17.4	19.9	23.3	3.0	13.2	12.1	
6432  	влага	влага	s	14.1	8.7	11.2	14.2	11.9	11.4	11.7	
6433  	густо	густо	adv	14.1	32.3	29.8	20.7	7.4	13.9	8.5	
6434  	деление	деление	s	14.1	3.7	6.0	3.8	10.4	11.7	11.1	
6435  	жечь	жечь	v	14.1	27.1	24.6	23.0	8.9	15.4	8.8	
6436  	житейский	житейский	a	14.1	10.3	12.8	15.2	16.3	20.9	16.3	
6437  	завтрашний	завтрашний	a	14.1	18.3	18.2	19.7	7.4	21.6	13.0	
6438  	закрыться	закрыться	v	14.1	20.0	19.7	26.8	8.9	8.8	9.7	
6439  	закупка	закупка	s	14.1	1.1	0.5	3.1	0.0	7.7	25.2	
6440  	извиняться	извиняться	v	14.1	24.8	23.5	25.3	7.4	15.0	7.7	
6441  	листва	листва	s	14.1	25.2	21.2	22.8	16.3	4.8	8.4	
6442  	ложа	ложа	s	14.1	6.7	12.4	10.1	10.4	13.9	23.8	
6443  	массивный	массивный	a	14.1	21.8	13.8	19.2	13.3	12.5	9.4	
6444  	мусульманин	мусульманин	s	14.1	1.8	2.0	4.7	1.5	2.6	26.1	
6445  	низ	низ	s	14.1	37.6	15.1	14.9	8.9	12.1	10.0	
6446  	новое	новое	s	14.1	19.7	11.8	8.6	7.4	18.3	15.7	
6447  	ознакомиться	ознакомиться	v	14.1	9.9	7.7	8.6	26.7	18.7	18.6	
6448  	оправдывать	оправдывать	v	14.1	14.2	10.2	11.8	13.3	20.2	17.6	
6449  	определенно	определенно	adv	14.1	9.4	13.8	22.6	5.9	6.2	12.9	
6450  	осуждать	осуждать	v	14.1	15.1	18.8	11.8	28.2	23.5	14.2	
6451  	партизан	партизан	s	14.1	19.1	22.9	14.5	11.9	26.8	16.0	
6452  	повториться	повториться	v	14.1	11.3	16.6	13.2	19.3	15.0	17.6	
6453  	подписание	подписание	s	14.1	0.7	1.3	1.8	4.5	5.9	25.2	
6454  	проглотить	проглотить	v	14.1	22.1	23.5	29.1	13.3	7.7	7.8	
6455  	проповедь	проповедь	s	14.1	5.3	5.2	8.2	20.8	9.9	12.6	
6456  	публично	публично	adv	14.1	3.9	5.4	4.9	14.8	16.1	26.8	
6457  	размахивать	размахивать	v	14.1	33.5	29.0	24.0	8.9	9.5	7.8	
6458  	сеанс	сеанс	s	14.1	10.8	10.9	14.1	28.2	16.1	16.8	
6459  	слияние	слияние	s	14.1	4.6	3.3	4.2	8.9	7.7	19.3	
6460  	слушаться	слушаться	v	14.1	32.8	30.6	20.8	14.8	11.4	8.3	
6461  	совхоз	совхоз	s	14.1	10.1	18.7	6.8	210.5	93.5	12.8	
6462  	сустав	сустав	s	14.1	8.7	12.2	11.2	3.0	6.2	11.8	
6463  	уборка	уборка	s	14.1	13.8	12.5	13.0	84.5	27.9	13.8	
6464  	удельный	удельный	a	14.1	1.1	1.8	0.9	13.3	8.1	11.4	
6465  	упоминание	упоминание	s	14.1	6.6	9.1	10.1	8.9	16.1	18.4	
6466  	хмыкнуть	хмыкнуть	v	14.1	15.6	19.3	44.5	1.5	4.0	1.9	
6467  	шведский	шведский	a	14.1	6.4	6.8	7.8	14.8	15.4	20.0	
6468  	экзотический	экзотический	a	14.1	1.2	5.0	11.9	13.3	9.2	21.6	
6469  	бессмертный	бессмертный	a	14.0	11.9	15.3	19.2	28.2	15.8	13.1	
6470  	бесчисленный	бесчисленный	a	14.0	15.8	14.7	14.7	29.6	23.5	14.5	
6471  	болтаться	болтаться	v	14.0	22.9	22.4	30.6	7.4	4.4	6.9	
6472  	бомж	бомж	s	14.0	0.0	0.0	34.2	0.0	0.0	14.4	
6473  	влиятельный	влиятельный	a	14.0	2.5	4.9	8.5	11.9	10.6	24.8	
6474  	выраженный	выраженный	a	14.0	2.1	2.7	3.4	3.0	7.0	11.8	
6475  	динамический	динамический	a	14.0	0.7	0.6	1.2	23.7	4.0	7.4	
6476  	завязать	завязать	v	14.0	22.5	23.3	20.9	3.0	11.7	11.4	
6477  	законодатель	законодатель	s	14.0	1.2	0.8	1.2	0.0	0.7	21.1	
6478  	качаться	качаться	v	14.0	41.5	32.1	21.7	13.3	8.8	6.4	
6479  	мистический	мистический	a	14.0	6.4	7.0	12.2	11.9	11.0	17.8	
6480  	мэрия	мэрия	s	14.0	0.0	0.0	9.7	0.0	1.1	28.4	
6481  	неприятно	неприятно	adv	14.0	24.8	22.9	23.6	17.8	12.8	8.2	
6482  	отрывок	отрывок	s	14.0	6.2	7.0	6.7	54.9	21.6	19.1	
6483  	палач	палач	s	14.0	19.3	11.1	25.0	20.8	23.5	12.0	
6484  	первенство	первенство	s	14.0	3.4	5.8	2.5	53.4	22.4	27.6	
6485  	побить	побить	v	14.0	20.7	24.0	22.8	8.9	8.4	10.4	
6486  	показательный	показательный	a	14.0	2.1	3.5	3.4	23.7	9.2	24.9	
6487  	покров	покров	s	14.0	8.7	8.8	8.2	7.4	8.8	12.9	
6488  	порвать	порвать	v	14.0	23.2	20.5	20.4	16.3	14.7	10.5	
6489  	предстать	предстать	v	14.0	10.8	14.8	16.6	17.8	12.8	14.9	
6490  	предшественник	предшественник	s	14.0	5.7	4.2	5.5	17.8	14.7	22.0	
6491  	развить	развить	v	14.0	6.2	7.3	7.7	10.4	15.8	16.2	
6492  	разгар	разгар	s	14.0	11.9	15.9	11.8	23.7	19.4	19.2	
6493  	смешанный	смешанный	a	14.0	8.5	7.2	5.5	3.0	9.2	12.6	
6494  	угрюмый	угрюмый	a	14.0	37.9	17.0	29.8	25.2	13.6	6.0	
6495  	удалиться	удалиться	v	14.0	22.1	23.7	25.7	13.3	11.7	8.7	
6496  	условно	условно	adv	14.0	4.2	4.0	5.8	4.5	8.8	17.2	
6497  	функционировать	функционировать	v	14.0	0.3	2.0	2.4	1.5	6.2	18.7	
6498  	шумно	шумно	adv	14.0	32.6	34.7	23.8	10.4	9.2	7.2	
6499  	шут	шут	s	14.0	13.1	72.5	14.4	10.4	5.5	6.0	
6500  	водоем	водоем	s	13.9	6.7	4.7	5.9	4.5	4.4	16.1	
6501  	вспоминаться	вспоминаться	v	13.9	13.8	13.2	11.5	20.8	26.4	16.2	
6502  	выигрывать	выигрывать	v	13.9	7.3	11.4	6.7	7.4	8.8	23.9	
6503  	география	география	s	13.9	14.4	6.0	12.0	13.3	19.8	15.2	
6504  	измена	измена	s	13.9	17.0	11.8	16.8	13.3	22.0	11.6	
6505  	инструктор	инструктор	s	13.9	11.9	17.6	13.6	29.6	3.3	19.2	
6506  	каталог	каталог	s	13.9	3.7	1.8	5.1	4.5	5.9	19.1	
6507  	клоун	клоун	s	13.9	8.5	16.0	6.8	26.7	174.2	11.8	
6508  	локомотив	локомотив	s	13.9	0.3	2.4	2.4	19.3	2.9	22.3	
6509  	нахмуриться	нахмуриться	v	13.9	44.8	31.9	31.6	3.0	0.7	1.9	
6510  	нахождение	нахождение	s	13.9	1.1	1.8	1.9	5.9	3.7	8.6	
6511  	непривычный	непривычный	a	13.9	15.6	22.9	16.4	17.8	20.9	13.7	
6512  	облигация	облигация	s	13.9	1.9	3.2	1.2	0.0	1.1	18.5	
6513  	отодвинуть	отодвинуть	v	13.9	28.5	24.0	25.6	8.9	8.1	7.9	
6514  	отраслевой	отраслевой	a	13.9	0.0	0.0	0.0	8.9	6.2	17.6	
6515  	переезд	переезд	s	13.9	12.1	10.0	13.9	14.8	23.9	17.3	
6516  	подбор	подбор	s	13.9	6.6	4.0	3.9	13.3	13.9	19.4	
6517  	подразумевать	подразумевать	v	13.9	6.7	4.9	7.2	1.5	5.5	16.9	
6518  	покоситься	покоситься	v	13.9	37.4	25.8	31.7	1.5	4.0	4.1	
6519  	пополам	пополам	adv	13.9	20.4	19.4	23.3	8.9	14.3	9.1	
6520  	превосходить	превосходить	v	13.9	6.7	4.0	6.5	14.8	12.5	16.3	
6521  	приемный	приемный	a	13.9	10.8	10.1	14.3	20.8	23.5	14.4	
6522  	присниться	присниться	v	13.9	20.6	24.6	24.5	7.4	7.3	7.1	
6523  	провозгласить	провозгласить	v	13.9	7.8	7.9	10.3	25.2	20.2	18.1	
6524  	раковина	раковина	s	13.9	11.2	15.3	23.0	19.3	17.2	7.7	
6525  	расслабиться	расслабиться	v	13.9	1.2	8.6	27.7	0.0	4.4	12.6	
6526  	расстегнуть	расстегнуть	v	13.9	39.5	31.5	30.4	7.4	4.4	3.0	
6527  	рассыпаться	рассыпаться	v	13.9	25.5	22.1	25.1	16.3	10.6	9.0	
6528  	связываться	связываться	v	13.9	15.1	12.2	14.4	4.5	9.5	9.7	
6529  	скидка	скидка	s	13.9	1.8	4.0	6.1	8.9	7.7	21.1	
6530  	смириться	смириться	v	13.9	8.0	16.6	19.8	14.8	7.3	15.5	
6531  	такт	такт	s	13.9	15.8	19.7	18.5	13.3	12.5	10.0	
6532  	темнеть	темнеть	v	13.9	33.7	33.5	25.0	11.9	12.5	5.2	
6533  	треск	треск	s	13.9	37.6	26.4	25.8	10.4	11.0	6.3	
6534  	уральский	уральский	a	13.9	5.1	5.6	5.8	5.9	5.1	22.1	
6535  	башка	башка	s	13.8	14.7	26.2	35.9	0.0	0.7	3.5	
6536  	вспомниться	вспомниться	v	13.8	26.8	25.4	22.5	11.9	12.8	8.6	
6537  	выбежать	выбежать	v	13.8	34.0	30.8	25.0	20.8	11.0	6.2	
6538  	глубинный	глубинный	a	13.8	4.2	6.5	5.8	3.0	11.7	13.7	
6539  	замирать	замирать	v	13.8	29.2	24.7	23.2	16.3	18.7	8.1	
6540  	иллюстрация	иллюстрация	s	13.8	1.9	3.8	4.7	62.3	16.5	15.6	
6541  	истерика	истерика	s	13.8	12.6	17.1	24.4	11.9	10.6	10.5	
6542  	лишенный	лишенный	a	13.8	12.8	11.5	10.7	23.7	19.4	15.3	
6543  	намекать	намекать	v	13.8	11.7	17.5	22.1	10.4	9.9	13.1	
6544  	населенный	населенный	a	13.8	9.9	4.0	5.0	7.4	12.1	19.8	
6545  	нижегородский	нижегородский	a	13.8	1.1	0.0	1.6	0.0	13.9	23.9	
6546  	общность	общность	s	13.8	5.3	4.5	3.1	10.4	9.9	13.6	
6547  	оптимизация	оптимизация	s	13.8	0.0	0.0	0.0	0.0	1.1	13.1	
6548  	отрываться	отрываться	v	13.8	30.1	19.8	22.0	16.3	12.1	8.8	
6549  	отцовский	отцовский	a	13.8	14.2	21.5	21.7	43.0	15.8	10.9	
6550  	очаровательный	очаровательный	a	13.8	9.9	13.8	16.3	43.0	15.4	16.3	
6551  	погубить	погубить	v	13.8	23.9	19.1	17.0	7.4	14.7	12.5	
6552  	преданный	преданный	a	13.8	15.1	13.7	14.0	25.2	33.4	15.7	
6553  	принудительный	принудительный	a	13.8	2.5	2.4	3.2	4.5	6.6	10.4	
6554  	репрессия	репрессия	s	13.8	2.1	2.8	2.2	13.3	32.3	27.2	
6555  	скрипеть	скрипеть	v	13.8	41.1	32.7	24.3	22.2	8.4	4.9	
6556  	сочетаться	сочетаться	v	13.8	6.0	4.2	6.8	11.9	13.9	17.2	
6557  	сплав	сплав	s	13.8	6.9	3.1	3.3	11.9	6.6	12.3	
6558  	ссора	ссора	s	13.8	14.4	13.9	18.2	13.3	18.3	13.3	
6559  	стирать	стирать	v	13.8	24.5	16.9	20.3	7.4	11.0	9.9	
6560  	струна	струна	s	13.8	19.1	18.8	20.4	19.3	8.4	9.3	
6561  	тронуться	тронуться	v	13.8	25.2	28.3	25.8	5.9	15.0	7.4	
6562  	укладываться	укладываться	v	13.8	12.2	14.6	14.1	4.5	17.6	14.2	
6563  	утешать	утешать	v	13.8	24.3	19.3	20.5	8.9	13.6	10.6	
6564  	шепотом	шепотом	adv	13.8	40.8	32.7	25.5	8.9	6.2	5.1	
6565  	артиллерия	артиллерия	s	13.7	31.0	21.6	5.4	8.9	42.9	15.9	
6566  	библия	библия	s	13.7	8.5	8.6	11.9	4.5	11.0	15.5	
6567  	взорвать	взорвать	v	13.7	15.6	12.8	17.6	7.4	16.1	16.0	
6568  	втроем	втроем	adv	13.7	20.0	21.0	22.6	13.3	15.0	11.1	
6569  	выглянуть	выглянуть	v	13.7	29.6	26.5	31.9	0.0	3.7	4.4	
6570  	голубь	голубь	s	13.7	21.8	20.7	21.6	5.9	19.8	9.9	
6571  	желательно	желательно	adv	13.7	4.4	5.9	8.9	7.4	7.7	17.8	
6572  	задолго	задолго	adv	13.7	9.0	10.4	10.3	22.2	24.9	18.2	
6573  	запуск	запуск	s	13.7	1.1	2.0	2.8	54.9	10.3	22.3	
6574  	медик	медик	s	13.7	9.4	10.5	8.0	11.9	9.9	20.4	
6575  	наставник	наставник	s	13.7	5.8	10.6	19.1	14.8	9.5	12.7	
6576  	отбирать	отбирать	v	13.7	15.6	9.6	12.0	8.9	23.9	16.2	
6577  	поискать	поискать	v	13.7	21.3	24.8	24.1	4.5	8.1	7.2	
6578  	полигон	полигон	s	13.7	6.4	2.6	5.5	4.5	7.0	23.3	
6579  	превысить	превысить	v	13.7	2.3	1.7	2.3	14.8	4.4	24.7	
6580  	предметный	предметный	a	13.7	0.3	1.4	1.5	3.0	2.6	5.0	
6581  	продавщица	продавщица	s	13.7	18.6	24.7	30.3	4.5	6.6	6.9	
6582  	просидеть	просидеть	v	13.7	21.3	23.4	21.2	16.3	26.4	9.8	
6583  	сливаться	сливаться	v	13.7	23.6	14.7	14.8	28.2	15.8	9.6	
6584  	соратник	соратник	s	13.7	9.8	12.9	8.5	31.1	11.4	22.1	
6585  	спонсор	спонсор	s	13.7	0.0	0.0	6.8	0.0	1.5	28.6	
6586  	трогательный	трогательный	a	13.7	10.5	12.5	12.6	25.2	18.3	18.8	
6587  	унижение	унижение	s	13.7	15.8	13.6	18.4	10.4	14.7	13.9	
6588  	устареть	устареть	v	13.7	8.2	7.4	5.4	5.9	20.2	21.5	
6589  	банальный	банальный	a	13.6	3.5	8.8	14.0	13.3	9.9	19.7	
6590  	бухгалтерский	бухгалтерский	a	13.6	2.5	1.0	3.8	1.5	2.6	14.6	
6591  	вознаграждение	вознаграждение	s	13.6	3.9	2.9	6.4	8.9	6.2	11.9	
6592  	вообразить	вообразить	v	13.6	18.8	17.3	23.1	17.8	17.6	9.8	
6593  	враждебный	враждебный	a	13.6	16.1	15.1	11.0	43.0	28.2	15.1	
6594  	вымыть	вымыть	v	13.6	27.6	21.5	19.0	14.8	11.0	9.8	
6595  	вытаскивать	вытаскивать	v	13.6	26.4	18.5	22.9	3.0	18.3	9.6	
6596  	гусь	гусь	s	13.6	19.5	18.4	19.2	4.5	11.0	11.0	
6597  	давность	давность	s	13.6	3.9	5.9	8.8	10.4	12.1	17.2	
6598  	заветный	заветный	a	13.6	9.4	12.9	15.8	19.3	12.8	17.0	
6599  	заграничный	заграничный	a	13.6	12.6	22.5	12.9	34.1	22.0	15.2	
6600  	насос	насос	s	13.6	9.8	7.4	4.2	13.3	6.6	12.2	
6601  	обломок	обломок	s	13.6	26.6	19.3	18.9	25.2	13.6	11.2	
6602  	обучать	обучать	v	13.6	7.3	5.4	6.0	14.8	13.6	15.9	
6603  	перепись	перепись	s	13.6	0.0	1.3	0.8	13.3	2.6	13.4	
6604  	подавить	подавить	v	13.6	28.0	19.4	16.2	20.8	16.9	11.2	
6605  	потрясение	потрясение	s	13.6	8.2	11.5	11.8	10.4	16.1	19.3	
6606  	проанализировать	проанализировать	v	13.6	3.4	2.3	3.3	5.9	11.0	15.1	
6607  	продумать	продумать	v	13.6	13.8	15.7	11.5	13.3	16.5	15.1	
6608  	проследить	проследить	v	13.6	13.3	8.8	17.3	13.3	16.1	11.2	
6609  	прошлогодний	прошлогодний	a	13.6	12.2	14.7	10.4	10.4	7.7	21.5	
6610  	птичий	птичий	a	13.6	18.1	26.4	21.8	29.6	9.2	8.9	
6611  	раздумье	раздумье	s	13.6	21.3	18.5	18.7	10.4	10.6	12.8	
6612  	рев	рев	s	13.6	38.5	24.6	22.6	19.3	13.2	7.5	
6613  	розничный	розничный	a	13.6	0.5	0.0	0.7	3.0	4.4	20.1	
6614  	сияние	сияние	s	13.6	17.6	21.2	20.0	17.8	9.2	7.6	
6615  	склонить	склонить	v	13.6	35.1	23.5	21.8	8.9	10.6	8.5	
6616  	скука	скука	s	13.6	13.1	19.8	21.1	29.6	19.1	11.2	
6617  	старина	старина	s	13.6	19.0	17.9	13.5	23.7	31.6	13.2	
6618  	удаление	удаление	s	13.6	2.8	4.0	3.6	8.9	6.2	11.7	
6619  	удалить	удалить	v	13.6	7.1	5.4	6.3	8.9	12.8	14.4	
6620  	факс	факс	s	13.6	0.0	0.0	9.9	0.0	0.0	10.8	
6621  	целоваться	целоваться	v	13.6	20.6	22.9	24.1	10.4	5.5	8.3	
6622  	чепуха	чепуха	s	13.6	45.7	35.6	17.7	22.2	12.8	6.4	
6623  	шкала	шкала	s	13.6	5.7	2.4	2.9	3.0	7.3	11.7	
6624  	адмирал	адмирал	s	13.5	13.8	15.6	17.0	29.6	18.0	14.4	
6625  	арена	арена	s	13.5	9.9	10.5	8.3	4.5	19.8	19.3	
6626  	беспомощный	беспомощный	a	13.5	25.2	18.7	17.8	26.7	19.4	10.9	
6627  	веранда	веранда	s	13.5	21.8	36.1	20.6	35.6	13.9	7.6	
6628  	вспыхивать	вспыхивать	v	13.5	38.1	24.8	20.1	23.7	13.2	7.8	
6629  	выгодно	выгодно	adv	13.5	8.5	5.8	9.9	1.5	15.8	22.0	
6630  	вырастить	вырастить	v	13.5	9.0	10.4	10.3	28.2	15.8	14.9	
6631  	гадать	гадать	v	13.5	14.2	20.9	20.2	7.4	21.3	12.0	
6632  	господний	господний	a	13.5	2.1	3.2	6.5	3.0	1.8	8.3	
6633  	дачный	дачный	a	13.5	12.6	14.1	17.8	10.4	13.9	14.8	
6634  	донестись	донестись	v	13.5	34.2	27.9	31.1	10.4	4.4	3.4	
6635  	дробный	дробный	a	13.5	8.0	5.2	8.3	14.8	14.3	13.0	
6636  	думский	думский	a	13.5	0.0	0.0	2.9	1.5	1.8	32.7	
6637  	затянуть	затянуть	v	13.5	32.8	24.2	21.4	17.8	9.2	8.5	
6638  	земляк	земляк	s	13.5	10.8	13.9	13.6	22.2	14.7	18.9	
6639  	издатель	издатель	s	13.5	1.9	4.1	5.8	31.1	15.4	26.3	
6640  	имидж	имидж	s	13.5	0.0	0.0	5.7	0.0	0.0	26.6	
6641  	комсомол	комсомол	s	13.5	10.1	11.0	10.0	142.3	34.5	18.0	
6642  	конкурсный	конкурсный	a	13.5	0.0	0.0	0.0	1.5	1.8	18.5	
6643  	крошка	крошка	s	13.5	19.7	18.4	29.2	8.9	9.9	6.3	
6644  	ласка	ласка	s	13.5	14.2	17.8	20.1	25.2	11.4	7.2	
6645  	ленивый	ленивый	a	13.5	23.4	19.2	21.0	19.3	11.4	10.3	
6646  	масштабный	масштабный	a	13.5	0.0	0.6	1.6	1.5	5.5	24.8	
6647  	набраться	набраться	v	13.5	12.6	20.5	18.7	5.9	15.8	13.7	
6648  	нехорошо	нехорошо	adv	13.5	32.4	32.6	22.5	3.0	7.0	6.2	
6649  	обижать	обижать	v	13.5	21.8	23.7	19.0	11.9	14.3	10.2	
6650  	обозначение	обозначение	s	13.5	4.8	3.6	3.0	4.5	4.8	11.3	
6651  	обретать	обретать	v	13.5	6.2	11.4	12.5	5.9	19.1	15.2	
6652  	погасить	погасить	v	13.5	26.2	19.3	15.5	8.9	8.1	13.2	
6653  	погулять	погулять	v	13.5	25.4	19.3	20.8	3.0	9.2	9.0	
6654  	податься	податься	v	13.5	26.9	29.3	26.3	8.9	7.0	6.4	
6655  	подбежать	подбежать	v	13.5	49.5	25.8	24.6	8.9	8.4	4.7	
6656  	подмигнуть	подмигнуть	v	13.5	39.7	29.9	29.5	7.4	5.9	3.1	
6657  	подсказывать	подсказывать	v	13.5	16.1	17.6	17.5	13.3	18.3	12.5	
6658  	подсудимый	подсудимый	s	13.5	9.9	11.8	6.1	4.5	48.4	11.9	
6659  	пожаловаться	пожаловаться	v	13.5	29.8	19.3	19.9	8.9	9.9	11.3	
6660  	поп	поп	s	13.5	30.1	26.5	21.7	7.4	12.5	6.2	
6661  	приемлемый	приемлемый	a	13.5	2.7	2.3	4.6	5.9	6.6	19.7	
6662  	прорваться	прорваться	v	13.5	28.0	20.3	16.0	16.3	19.8	12.9	
6663  	профилактика	профилактика	s	13.5	2.1	1.8	2.9	1.5	6.6	16.1	
6664  	разбросать	разбросать	v	13.5	24.8	17.4	20.2	11.9	13.2	10.7	
6665  	рассердиться	рассердиться	v	13.5	44.8	40.7	21.3	5.9	12.8	3.6	
6666  	сильнейший	сильнейший	a	13.5	4.8	6.5	7.4	19.3	19.1	22.3	
6667  	стонать	стонать	v	13.5	30.7	29.0	24.3	10.4	9.9	6.0	
6668  	судопроизводство	судопроизводство	s	13.5	0.0	0.0	0.0	1.5	1.5	3.7	
6669  	титул	титул	s	13.5	3.9	4.2	7.9	11.9	11.4	24.3	
6670  	угольный	угольный	a	13.5	5.7	6.0	4.9	4.5	21.3	15.6	
6671  	всадник	всадник	s	13.4	15.4	17.3	22.8	17.8	12.1	9.9	
6672  	выдаваться	выдаваться	v	13.4	9.8	8.9	5.8	19.3	15.8	15.8	
6673  	даром	даром	adv	13.4	19.0	21.5	18.4	7.4	9.9	11.8	
6674  	затеять	затеять	v	13.4	13.1	18.4	19.6	5.9	14.7	14.4	
6675  	казарма	казарма	s	13.4	13.5	19.6	21.5	4.5	14.3	11.7	
6676  	киоск	киоск	s	13.4	17.0	14.4	22.0	10.4	6.6	12.8	
6677  	лирический	лирический	a	13.4	4.8	6.4	6.7	35.6	24.6	20.4	
6678  	любопытно	любопытно	adv	13.4	9.9	14.6	11.4	23.7	16.9	16.9	
6679  	матрица	матрица	s	13.4	0.0	1.4	1.1	0.0	1.5	5.3	
6680  	оптический	оптический	a	13.4	5.8	6.0	4.7	5.9	8.4	7.8	
6681  	освещать	освещать	v	13.4	27.8	16.1	15.0	23.7	13.9	11.6	
6682  	памятный	памятный	a	13.4	15.2	7.9	9.2	14.8	21.3	19.0	
6683  	перекресток	перекресток	s	13.4	19.9	20.7	17.8	16.3	19.4	12.3	
6684  	пересечь	пересечь	v	13.4	24.3	26.9	19.0	11.9	12.8	10.3	
6685  	понемногу	понемногу	adv	13.4	20.6	20.7	18.3	13.3	17.6	11.5	
6686  	посылка	посылка	s	13.4	18.6	14.6	9.7	14.8	30.1	13.4	
6687  	прах	прах	s	13.4	10.5	17.5	20.7	16.3	14.7	12.7	
6688  	распоряжаться	распоряжаться	v	13.4	15.1	11.8	12.2	5.9	17.6	14.2	
6689  	свалить	свалить	v	13.4	24.3	23.9	22.9	4.5	9.2	9.0	
6690  	складывать	складывать	v	13.4	25.7	20.5	18.3	14.8	11.0	10.0	
6691  	скульптор	скульптор	s	13.4	10.1	22.4	7.6	35.6	17.6	18.7	
6692  	таз	таз	s	13.4	16.5	14.3	21.3	4.5	7.0	8.3	
6693  	чердак	чердак	s	13.4	17.9	23.8	27.7	4.5	15.4	7.0	
6694  	эмигрант	эмигрант	s	13.4	5.0	5.2	11.5	47.4	26.1	20.4	
6695  	ярмарка	ярмарка	s	13.4	3.7	4.3	4.9	5.9	15.0	24.6	
6696  	араб	араб	s	13.3	1.8	7.2	8.6	3.0	6.6	24.0	
6697  	армянский	армянский	a	13.3	3.0	5.4	15.2	5.9	37.4	16.8	
6698  	бедствие	бедствие	s	13.3	14.5	11.1	7.1	13.3	29.0	16.0	
6699  	безнадежно	безнадежно	adv	13.3	23.2	19.6	18.8	19.3	13.6	11.9	
6700  	вложение	вложение	s	13.3	0.0	0.0	1.9	0.0	7.3	22.5	
6701  	влюбить	влюбить	v	13.3	11.3	16.2	15.1	20.8	14.7	16.2	
6702  	впадать	впадать	v	13.3	8.2	12.3	17.5	7.4	15.4	12.0	
6703  	впереди	впереди	pr	13.3	29.4	21.9	15.4	14.8	12.1	10.1	
6704  	выяснять	выяснять	v	13.3	5.8	10.9	17.8	11.9	16.1	15.2	
6705  	генштаб	генштаб	s	13.3	5.3	2.2	2.8	3.0	12.5	29.7	
6706  	гонорар	гонорар	s	13.3	4.4	8.3	17.1	17.8	13.2	19.1	
6707  	доводить	доводить	v	13.3	8.5	14.2	12.6	19.3	16.5	14.9	
6708  	драматург	драматург	s	13.3	2.3	3.1	6.5	38.5	19.1	26.1	
6709  	емкость	емкость	s	13.3	2.5	2.7	5.1	7.4	10.3	17.2	
6710  	живописный	живописный	a	13.3	4.2	6.8	8.4	37.1	31.6	16.5	
6711  	кое-где	кое-где	advpro	13.3	28.5	22.0	20.1	10.4	20.9	8.9	
6712  	консультант	консультант	s	13.3	2.7	4.5	6.3	14.8	11.4	21.4	
6713  	круто	круто	adv	13.3	34.4	21.0	18.9	14.8	19.8	7.0	
6714  	лениво	лениво	adv	13.3	34.2	26.9	29.1	22.2	9.2	3.3	
6715  	любезный	любезный	a	13.3	22.5	17.3	20.4	11.9	21.3	10.6	
6716  	око	око	s	13.3	10.6	14.8	19.0	10.4	10.6	11.1	
6717  	отказывать	отказывать	v	13.3	9.0	11.4	12.5	14.8	12.5	15.4	
6718  	парадоксальный	парадоксальный	a	13.3	2.5	4.0	3.7	7.4	13.6	19.6	
6719  	парта	парта	s	13.3	24.8	30.8	22.4	10.4	11.4	7.5	
6720  	по-английски	по-английски	adv	13.3	7.1	9.7	19.8	22.2	18.3	14.7	
6721  	повар	повар	s	13.3	28.7	17.5	13.1	38.5	38.1	12.7	
6722  	розыск	розыск	s	13.3	8.3	20.9	14.6	5.9	7.0	15.9	
6723  	стаж	стаж	s	13.3	4.4	4.3	6.4	7.4	21.6	19.9	
6724  	стебель	стебель	s	13.3	22.9	14.1	12.8	8.9	8.4	8.7	
6725  	типовой	типовой	a	13.3	2.8	3.1	2.8	13.3	6.6	12.3	
6726  	фальшивый	фальшивый	a	13.3	15.8	13.7	19.4	19.3	13.6	13.4	
6727  	ходатайство	ходатайство	s	13.3	2.8	3.3	2.2	10.4	5.9	9.5	
6728  	алый	алый	a	13.2	12.2	16.6	23.1	32.6	10.6	11.1	
6729  	амбиция	амбиция	s	13.2	2.3	3.3	7.3	5.9	9.5	25.4	
6730  	дворник	дворник	s	13.2	17.9	20.6	17.4	0.0	13.6	13.6	
6731  	дорого	дорого	adv	13.2	12.1	10.7	13.5	8.9	12.5	16.1	
6732  	дошкольный	дошкольный	a	13.2	0.0	1.1	1.2	5.9	4.0	3.9	
6733  	затея	затея	s	13.2	13.3	12.4	14.9	19.3	16.5	17.0	
6734  	калужский	калужский	a	13.2	4.6	3.5	1.8	3.0	5.1	26.8	
6735  	копать	копать	v	13.2	26.6	26.4	20.9	4.5	13.6	8.4	
6736  	косметика	косметика	s	13.2	1.2	4.9	11.1	3.0	10.3	12.7	
6737  	кредитование	кредитование	s	13.2	0.0	0.0	1.3	0.0	4.0	26.5	
6738  	массив	массив	s	13.2	5.5	10.0	3.5	8.9	9.2	10.6	
6739  	менеджмент	менеджмент	s	13.2	0.0	0.0	1.4	0.0	0.0	23.6	
6740  	мраморный	мраморный	a	13.2	13.3	22.8	19.6	28.2	11.0	10.8	
6741  	наизусть	наизусть	adv	13.2	11.2	17.6	16.9	28.2	22.7	13.8	
6742  	налогоплательщик	налогоплательщик	s	13.2	0.0	0.0	1.4	0.0	2.2	25.1	
6743  	некрасивый	некрасивый	a	13.2	26.4	23.9	18.9	17.8	15.8	9.2	
6744  	оптимизм	оптимизм	s	13.2	3.7	6.1	5.9	14.8	21.3	22.8	
6745  	основываться	основываться	v	13.2	3.0	2.2	2.3	7.4	13.9	12.1	
6746  	парад	парад	s	13.2	14.9	10.9	10.5	14.8	22.7	17.8	
6747  	патриот	патриот	s	13.2	7.8	5.6	8.9	29.6	12.5	23.1	
6748  	передвижение	передвижение	s	13.2	7.8	8.3	7.9	10.4	12.8	16.1	
6749  	периодически	периодически	adv	13.2	1.8	1.4	7.4	10.4	5.1	18.7	
6750  	питать	питать	v	13.2	9.2	11.0	10.1	19.3	18.7	15.3	
6751  	подсчет	подсчет	s	13.2	5.7	4.3	5.0	7.4	13.2	20.4	
6752  	покачиваться	покачиваться	v	13.2	44.1	35.8	24.2	13.3	3.7	3.3	
6753  	поклон	поклон	s	13.2	14.9	16.4	20.4	17.8	21.6	10.6	
6754  	превосходство	превосходство	s	13.2	18.8	13.6	10.6	16.3	23.9	14.2	
6755  	пресловутый	пресловутый	a	13.2	5.0	4.7	8.9	11.9	16.5	22.0	
6756  	проголосовать	проголосовать	v	13.2	3.4	4.5	6.3	3.0	7.0	24.7	
6757  	путешествовать	путешествовать	v	13.2	13.3	9.2	13.8	19.3	15.8	16.4	
6758  	пучок	пучок	s	13.2	19.3	14.1	13.3	4.5	8.8	7.9	
6759  	разбиться	разбиться	v	13.2	17.9	15.6	21.5	13.3	12.1	11.5	
6760  	расширяться	расширяться	v	13.2	8.0	6.4	7.2	17.8	13.6	13.0	
6761  	соблазн	соблазн	s	13.2	4.1	9.3	14.2	13.3	15.0	16.3	
6762  	совать	совать	v	13.2	27.1	28.5	24.2	23.7	13.9	6.3	
6763  	усмешка	усмешка	s	13.2	41.1	26.1	24.4	13.3	8.1	5.2	
6764  	устранить	устранить	v	13.2	7.8	2.7	4.9	23.7	12.1	16.4	
6765  	шлем	шлем	s	13.2	22.7	16.6	20.3	14.8	5.1	11.5	
6766  	агрессия	агрессия	s	13.1	1.8	1.8	5.9	19.3	5.9	21.8	
6767  	балл	балл	s	13.1	3.9	7.5	4.0	10.4	7.7	18.6	
6768  	банкир	банкир	s	13.1	1.8	0.9	24.7	5.9	7.7	16.6	
6769  	барышня	барышня	s	13.1	21.4	23.3	22.3	19.3	11.0	8.6	
6770  	возвести	возвести	v	13.1	2.5	5.2	10.4	17.8	17.2	18.1	
6771  	вращаться	вращаться	v	13.1	20.6	14.3	13.0	14.8	10.3	11.5	
6772  	газон	газон	s	13.1	6.9	6.9	12.1	8.9	4.4	17.0	
6773  	групповой	групповой	a	13.1	4.2	4.6	4.3	10.4	7.0	12.4	
6774  	двусторонний	двусторонний	a	13.1	3.7	1.0	1.3	0.0	2.6	13.4	
6775  	дружный	дружный	a	13.1	13.1	17.5	11.6	26.7	23.5	15.7	
6776  	жюри	жюри	s	13.1	0.0	1.5	1.9	3.0	2.6	29.5	
6777  	мех	мех	s	13.1	22.3	18.4	16.7	31.1	14.7	11.1	
6778  	миграция	миграция	s	13.1	0.0	0.6	0.0	0.0	2.9	12.7	
6779  	нелегко	нелегко	adv	13.1	14.7	13.7	11.2	20.8	26.8	16.1	
6780  	нищета	нищета	s	13.1	8.0	6.4	12.8	25.2	20.9	17.1	
6781  	нора	нора	s	13.1	19.0	16.5	27.6	5.9	8.4	7.2	
6782  	обосновать	обосновать	v	13.1	5.1	2.4	2.6	0.0	13.2	12.7	
6783  	освобождать	освобождать	v	13.1	13.1	12.2	13.1	5.9	22.0	12.6	
6784  	остынуть	остынуть	v	13.1	18.6	22.5	22.7	1.5	11.0	7.8	
6785  	отпечаток	отпечаток	s	13.1	15.9	11.4	18.1	10.4	10.6	11.8	
6786  	повторный	повторный	a	13.1	5.0	3.5	4.7	1.5	7.0	13.8	
6787  	погибший	погибший	a	13.1	8.0	9.2	11.4	10.4	14.3	18.3	
6788  	посредник	посредник	s	13.1	4.4	2.8	7.1	5.9	7.3	19.2	
6789  	пристрастие	пристрастие	s	13.1	2.3	10.1	10.5	17.8	18.7	19.6	
6790  	проектный	проектный	a	13.1	1.9	0.5	1.0	1.5	5.9	18.9	
6791  	пятка	пятка	s	13.1	24.5	19.2	22.1	4.5	7.3	8.2	
6792  	разворачиваться	разворачиваться	v	13.1	11.9	11.6	15.4	4.5	8.8	15.0	
6793  	сейф	сейф	s	13.1	15.8	17.3	24.7	3.0	7.0	9.4	
6794  	словесный	словесный	a	13.1	6.4	11.9	8.3	31.1	19.8	15.8	
6795  	сосредоточиться	сосредоточиться	v	13.1	12.4	12.2	17.3	14.8	13.2	13.1	
6796  	сшить	сшить	v	13.1	16.7	20.6	13.6	13.3	25.7	13.2	
6797  	утка	утка	s	13.1	19.3	20.1	15.3	16.3	12.5	11.0	
6798  	утонуть	утонуть	v	13.1	24.5	23.7	22.0	19.3	11.4	8.5	
6799  	шикарный	шикарный	a	13.1	5.7	15.2	19.3	8.9	4.4	15.1	
6800  	буркнуть	буркнуть	v	13.0	23.6	23.9	33.8	4.5	6.2	3.1	
6801  	взволновать	взволновать	v	13.0	24.1	20.6	15.7	22.2	24.6	11.5	
6802  	достоверность	достоверность	s	13.0	3.9	3.8	3.1	3.0	7.7	10.5	
6803  	забегать	забегать	v	13.0	21.4	24.2	19.9	14.8	18.3	9.1	
6804  	заражение	заражение	s	13.0	1.1	2.3	1.8	4.5	2.9	4.2	
6805  	зрелый	зрелый	a	13.0	5.3	8.4	9.0	22.2	19.4	15.4	
6806  	изложение	изложение	s	13.0	3.7	3.8	4.3	17.8	15.4	12.4	
6807  	имущественный	имущественный	a	13.0	0.3	0.8	1.3	1.5	1.5	13.1	
6808  	крона	крона	s	13.0	6.6	7.0	12.9	14.8	4.8	8.6	
6809  	лига	лига	s	13.0	0.0	1.7	1.1	3.0	9.2	28.5	
6810  	математик	математик	s	13.0	12.1	14.6	5.7	5.9	8.4	9.5	
6811  	механик	механик	s	13.0	32.6	21.6	6.3	68.2	24.9	13.3	
6812  	накормить	накормить	v	13.0	18.6	21.9	17.0	7.4	15.4	10.5	
6813  	неопределенный	неопределенный	a	13.0	11.9	14.8	13.7	19.3	15.4	10.2	
6814  	норовить	норовить	v	13.0	12.2	21.2	28.2	7.4	7.7	8.2	
6815  	обвиняемый	обвиняемый	s	13.0	2.1	5.0	4.4	7.4	13.6	15.3	
6816  	обитать	обитать	v	13.0	6.2	8.8	13.9	5.9	10.6	11.5	
6817  	ожить	ожить	v	13.0	22.7	18.2	20.9	22.2	10.3	7.8	
6818  	опаздывать	опаздывать	v	13.0	16.8	22.1	22.6	7.4	11.7	9.3	
6819  	отреагировать	отреагировать	v	13.0	1.4	4.6	19.1	0.0	6.6	17.1	
6820  	отступление	отступление	s	13.0	11.3	13.1	8.4	13.3	28.6	15.3	
6821  	первоначально	первоначально	adv	13.0	1.4	1.0	1.9	7.4	9.5	17.2	
6822  	песчаный	песчаный	a	13.0	28.7	17.6	14.4	25.2	12.8	9.2	
6823  	погрузиться	погрузиться	v	13.0	14.7	15.0	22.7	14.8	9.2	9.8	
6824  	помеха	помеха	s	13.0	7.4	8.2	9.7	5.9	14.3	12.2	
6825  	послушно	послушно	adv	13.0	24.6	25.7	29.2	7.4	7.7	4.6	
6826  	презентация	презентация	s	13.0	0.0	0.0	8.5	0.0	0.0	23.9	
6827  	прикосновение	прикосновение	s	13.0	16.8	15.3	23.5	14.8	8.4	7.4	
6828  	промежуток	промежуток	s	13.0	8.5	8.9	11.6	7.4	11.0	10.3	
6829  	равно	равно	adv	13.0	5.1	10.4	11.8	8.9	12.5	12.6	
6830  	растерянность	растерянность	s	13.0	17.7	23.3	21.4	10.4	15.0	9.4	
6831  	синяк	синяк	s	13.0	9.6	12.2	35.0	8.9	2.2	5.5	
6832  	современность	современность	s	13.0	4.1	4.3	3.2	25.2	29.0	17.9	
6833  	усадить	усадить	v	13.0	21.8	23.5	25.1	17.8	11.0	7.4	
6834  	цензура	цензура	s	13.0	2.7	4.9	7.9	10.4	15.8	24.1	
6835  	энциклопедия	энциклопедия	s	13.0	5.0	6.9	6.0	43.0	15.0	17.7	
6836  	арка	арка	s	12.9	11.7	12.3	20.5	19.3	6.6	9.5	
6837  	варенье	варенье	s	12.9	11.2	12.9	18.3	17.8	11.4	13.9	
6838  	вблизи	вблизи	pr	12.9	10.1	11.8	6.2	11.9	22.0	11.1	
6839  	вправо	вправо	adv	12.9	24.6	22.9	18.0	11.9	8.4	7.5	
6840  	гимнастерка	гимнастерка	s	12.9	81.5	37.4	9.8	4.5	19.4	4.1	
6841  	дергать	дергать	v	12.9	31.2	25.3	23.6	7.4	7.7	5.9	
6842  	дивный	дивный	a	12.9	12.2	10.9	14.6	22.2	9.5	10.7	
6843  	заинтересоваться	заинтересоваться	v	12.9	14.9	15.5	17.1	3.0	14.7	13.4	
6844  	зловещий	зловещий	a	12.9	17.0	19.2	15.2	16.3	19.4	12.9	
6845  	идейный	идейный	a	12.9	6.7	6.3	5.3	46.0	17.2	17.8	
6846  	квалифицированный	квалифицированный	a	12.9	3.2	3.8	3.1	8.9	18.0	18.9	
6847  	ловушка	ловушка	s	12.9	14.2	12.8	15.4	11.9	14.3	10.7	
6848  	мамочка	мамочка	s	12.9	31.4	21.0	23.8	1.5	2.6	5.2	
6849  	местечко	местечко	s	12.9	15.9	25.3	17.6	14.8	18.3	10.8	
6850  	наземный	наземный	a	12.9	3.9	4.2	1.5	1.5	7.0	18.3	
6851  	недовольно	недовольно	adv	12.9	33.7	27.0	28.8	3.0	6.2	3.3	
6852  	огневой	огневой	a	12.9	29.8	9.3	3.6	5.9	8.8	15.7	
6853  	оперировать	оперировать	v	12.9	14.2	6.9	6.9	3.0	8.4	17.7	
6854  	осознание	осознание	s	12.9	1.8	3.1	6.7	7.4	10.3	14.2	
6855  	ощущаться	ощущаться	v	12.9	7.1	10.4	12.2	7.4	21.6	14.9	
6856  	полость	полость	s	12.9	2.1	2.7	4.1	4.5	1.8	7.7	
6857  	предоставляться	предоставляться	v	12.9	2.7	2.6	2.1	7.4	5.9	14.8	
6858  	предпринимательство	предпринимательство	s	12.9	0.0	0.0	1.4	0.0	4.0	22.2	
6859  	престол	престол	s	12.9	2.7	3.5	9.3	16.3	19.1	13.4	
6860  	примечание	примечание	s	12.9	3.9	3.7	3.4	5.9	17.6	13.9	
6861  	просмотр	просмотр	s	12.9	4.4	5.8	5.7	10.4	19.4	20.7	
6862  	противно	противно	adv	12.9	22.1	24.4	24.6	10.4	6.6	5.6	
6863  	различаться	различаться	v	12.9	2.8	3.3	2.8	1.5	4.0	7.4	
6864  	разрешаться	разрешаться	v	12.9	9.8	10.4	5.9	20.8	16.5	12.4	
6865  	рывок	рывок	s	12.9	25.7	18.3	21.6	4.5	7.7	9.7	
6866  	сериал	сериал	s	12.9	0.0	0.0	6.3	0.0	0.0	27.6	
6867  	таки	таки	part	12.9	24.5	13.9	14.9	3.0	2.6	8.0	
6868  	умело	умело	adv	12.9	10.1	11.8	16.1	37.1	16.1	14.1	
6869  	устало	устало	adv	12.9	31.4	25.8	28.7	13.3	4.0	4.0	
6870  	устраиваться	устраиваться	v	12.9	14.4	18.2	16.2	23.7	19.1	12.3	
6871  	фиксировать	фиксировать	v	12.9	2.5	6.4	7.0	5.9	7.7	13.1	
6872  	чертов	чертов	a	12.9	19.1	20.3	28.2	7.4	7.7	6.3	
6873  	числиться	числиться	v	12.9	11.3	13.7	13.7	10.4	19.1	16.5	
6874  	благодать	благодать	s	12.8	5.3	6.4	9.1	13.3	8.1	9.6	
6875  	блин	блин	s	12.8	10.6	7.0	14.8	4.5	5.9	10.3	
6876  	блокнот	блокнот	s	12.8	27.8	22.8	18.5	19.3	20.2	9.1	
6877  	вдохновение	вдохновение	s	12.8	10.3	14.2	12.7	19.3	10.6	14.7	
6878  	вежливый	вежливый	a	12.8	22.1	24.3	18.1	10.4	20.2	9.6	
6879  	вектор	вектор	s	12.8	3.0	0.0	1.9	0.0	0.0	9.5	
6880  	взлет	взлет	s	12.8	10.5	11.9	9.3	13.3	11.4	18.4	
6881  	влюбленный	влюбленный	a	12.8	9.2	16.8	17.7	11.9	19.1	13.0	
6882  	восстанавливать	восстанавливать	v	12.8	9.8	7.4	8.0	14.8	16.5	17.2	
6883  	восторженный	восторженный	a	12.8	12.1	15.9	14.1	28.2	15.4	15.7	
6884  	врезаться	врезаться	v	12.8	14.9	15.9	21.1	8.9	13.9	11.5	
6885  	документальный	документальный	a	12.8	3.0	4.5	5.5	13.3	17.2	23.3	
6886  	закрываться	закрываться	v	12.8	12.9	11.8	16.8	13.3	13.2	12.1	
6887  	змей	змей	s	12.8	17.0	6.8	29.4	4.5	8.8	8.2	
6888  	зубной	зубной	a	12.8	13.3	11.1	18.9	5.9	12.8	10.9	
6889  	игровой	игровой	a	12.8	0.3	2.3	4.4	0.0	3.7	21.4	
6890  	исповедь	исповедь	s	12.8	3.5	7.5	8.8	16.3	12.5	11.6	
6891  	кривая	кривая	s	12.8	11.9	8.1	5.8	0.0	4.8	4.7	
6892  	курорт	курорт	s	12.8	8.9	13.6	8.4	28.2	16.1	17.7	
6893  	лопатка	лопатка	s	12.8	22.1	25.6	16.4	4.5	6.6	6.7	
6894  	мерцать	мерцать	v	12.8	20.2	24.7	24.7	8.9	7.7	6.8	
6895  	надо	надо	pr	12.8	24.8	20.5	18.8	11.9	14.7	8.9	
6896  	намереваться	намереваться	v	12.8	10.8	16.9	16.7	8.9	7.0	14.7	
6897  	нарядный	нарядный	a	12.8	21.3	22.5	15.9	32.6	13.9	10.8	
6898  	негодяй	негодяй	s	12.8	22.0	34.7	20.2	14.8	9.9	7.5	
6899  	немолодой	немолодой	a	12.8	15.6	23.0	19.7	8.9	19.4	11.0	
6900  	оптовый	оптовый	a	12.8	0.0	0.6	5.4	1.5	1.1	14.2	
6901  	острота	острота	s	12.8	15.8	9.3	8.3	35.6	35.2	15.9	
6902  	отравить	отравить	v	12.8	17.6	13.6	23.3	23.7	16.9	9.4	
6903  	пепел	пепел	s	12.8	21.3	20.1	20.8	8.9	9.9	9.4	
6904  	порок	порок	s	12.8	5.7	10.0	11.3	34.1	13.2	15.2	
6905  	применительно	применительно	adv	12.8	1.2	1.1	2.2	7.4	6.2	10.3	
6906  	пробиться	пробиться	v	12.8	21.1	20.3	14.6	10.4	16.9	13.5	
6907  	произвол	произвол	s	12.8	6.4	8.3	7.8	7.4	22.0	19.3	
6908  	птичка	птичка	s	12.8	17.6	24.4	21.6	13.3	8.1	8.5	
6909  	робко	робко	adv	12.8	34.0	22.4	23.2	22.2	15.8	6.2	
6910  	седло	седло	s	12.8	20.9	25.6	25.1	5.9	9.5	5.8	
6911  	убедительно	убедительно	adv	12.8	7.8	10.5	10.5	10.4	18.3	14.1	
6912  	фара	фара	s	12.8	26.8	15.5	19.2	5.9	12.5	11.6	
6913  	штурм	штурм	s	12.8	3.0	16.2	9.3	7.4	14.7	20.5	
6914  	юбилейный	юбилейный	a	12.8	2.7	4.3	3.5	11.9	17.2	23.1	
6915  	арсенал	арсенал	s	12.7	5.7	2.7	4.3	4.5	7.7	22.6	
6916  	боеприпас	боеприпас	s	12.7	8.5	5.6	3.6	3.0	16.5	21.8	
6917  	болельщик	болельщик	s	12.7	4.2	6.8	3.7	4.5	8.1	24.1	
6918  	внутренне	внутренне	adv	12.7	11.2	15.0	14.5	22.2	21.6	10.7	
6919  	возвратить	возвратить	v	12.7	7.6	9.1	8.4	14.8	20.9	14.5	
6920  	въехать	въехать	v	12.7	13.5	13.7	24.0	4.5	9.5	10.7	
6921  	вынимать	вынимать	v	12.7	27.8	20.3	20.2	8.9	13.9	7.2	
6922  	гигант	гигант	s	12.7	15.2	11.4	10.4	11.9	13.9	16.4	
6923  	дежурить	дежурить	v	12.7	17.9	18.4	18.0	8.9	18.0	12.0	
6924  	задница	задница	s	12.7	5.1	12.3	35.8	0.0	2.2	5.3	
6925  	заключительный	заключительный	a	12.7	4.1	5.5	4.6	23.7	15.4	17.1	
6926  	исламский	исламский	a	12.7	0.0	0.0	2.2	0.0	0.4	27.1	
6927  	конкурентный	конкурентный	a	12.7	0.0	0.6	0.0	0.0	0.7	20.1	
6928  	концертный	концертный	a	12.7	2.8	5.1	4.3	14.8	10.3	25.9	
6929  	купюра	купюра	s	12.7	1.6	6.3	25.7	3.0	3.7	14.1	
6930  	лавочка	лавочка	s	12.7	25.0	18.4	25.1	4.5	11.4	7.3	
6931  	лик	лик	s	12.7	16.5	11.6	14.1	17.8	5.9	10.4	
6932  	наглый	наглый	a	12.7	14.0	16.8	24.3	8.9	9.2	9.6	
6933  	неполный	неполный	a	12.7	6.2	8.2	7.6	11.9	12.1	12.5	
6934  	парочка	парочка	s	12.7	8.0	13.9	27.9	0.0	5.9	8.9	
6935  	патриотический	патриотический	a	12.7	5.3	4.6	5.3	43.0	11.0	24.1	
6936  	повествование	повествование	s	12.7	3.2	9.1	9.3	10.4	15.0	17.2	
6937  	позади	позади	pr	12.7	30.1	23.3	14.7	11.9	9.9	7.9	
6938  	полицейский	полицейский	a	12.7	12.9	10.1	14.6	14.8	18.0	16.2	
6939  	правота	правота	s	12.7	13.7	13.4	14.4	10.4	24.2	13.2	
6940  	предлог	предлог	s	12.7	9.4	10.2	14.0	7.4	12.5	14.5	
6941  	прелестный	прелестный	a	12.7	18.6	19.3	17.5	31.1	24.6	10.6	
6942  	приоритетный	приоритетный	a	12.7	0.0	0.0	0.6	0.0	2.6	19.4	
6943  	проем	проем	s	12.7	10.6	14.6	28.3	3.0	8.4	7.9	
6944  	развалиться	развалиться	v	12.7	17.4	15.3	21.4	8.9	11.4	11.1	
6945  	силуэт	силуэт	s	12.7	20.7	14.6	21.6	22.2	13.9	8.7	
6946  	скатерть	скатерть	s	12.7	25.2	24.8	22.6	29.6	12.8	6.9	
6947  	смениться	смениться	v	12.7	14.0	10.4	16.2	14.8	14.3	14.0	
6948  	туго	туго	adv	12.7	40.8	24.3	18.5	13.3	14.3	7.2	
6949  	уступка	уступка	s	12.7	4.4	2.9	3.5	4.5	15.4	16.5	
6950  	фашизм	фашизм	s	12.7	27.6	7.7	4.0	23.7	16.9	18.3	
6951  	фотограф	фотограф	s	12.7	12.1	10.1	15.3	17.8	16.5	16.7	
6952  	чушь	чушь	s	12.7	13.3	24.7	25.6	1.5	6.6	7.0	
6953  	чуять	чуять	v	12.7	22.7	23.4	25.6	10.4	5.1	5.9	
6954  	адаптация	адаптация	s	12.6	0.0	0.8	1.6	1.5	4.8	10.4	
6955  	артиллерийский	артиллерийский	a	12.6	28.0	15.2	5.2	16.3	27.9	15.5	
6956  	базироваться	базироваться	v	12.6	1.2	1.9	1.3	1.5	4.4	14.8	
6957  	бодро	бодро	adv	12.6	23.4	23.9	23.8	8.9	16.1	6.6	
6958  	ворона	ворона	s	12.6	11.0	28.1	23.7	5.9	6.6	7.4	
6959  	глагол	глагол	s	12.6	2.1	4.9	6.8	11.9	7.0	5.0	
6960  	глотать	глотать	v	12.6	21.1	24.6	23.2	11.9	10.6	7.2	
6961  	глухо	глухо	adv	12.6	34.4	29.5	25.8	8.9	4.0	3.7	
6962  	дополнительно	дополнительно	adv	12.6	2.7	3.1	3.2	13.3	12.5	15.9	
6963  	записной	записной	a	12.6	15.6	11.6	19.0	32.6	28.6	11.0	
6964  	коленка	коленка	s	12.6	26.6	26.0	23.6	10.4	4.4	6.0	
6965  	литься	литься	v	12.6	19.7	16.2	19.9	11.9	14.3	9.2	
6966  	машинально	машинально	adv	12.6	25.0	28.0	31.2	8.9	1.8	2.5	
6967  	медь	медь	s	12.6	9.8	5.8	7.8	14.8	9.2	11.9	
6968  	негде	негде	adv	12.6	15.4	17.3	14.8	19.3	13.6	12.8	
6969  	немой	немой	a	12.6	18.4	22.4	17.9	29.6	15.0	10.0	
6970  	необыкновенно	необыкновенно	adv	12.6	15.9	18.2	13.7	38.5	19.4	12.6	
6971  	неопределенность	неопределенность	s	12.6	2.5	4.5	5.4	0.0	4.0	9.3	
6972  	непрерывно	непрерывно	adv	12.6	16.1	13.2	9.0	22.2	27.9	10.0	
6973  	ноздря	ноздря	s	12.6	26.6	25.1	24.2	11.9	6.6	6.0	
6974  	пассажирский	пассажирский	a	12.6	6.2	7.7	6.5	8.9	19.1	19.4	
6975  	поликлиника	поликлиника	s	12.6	8.2	17.3	13.0	13.3	6.6	14.9	
6976  	прапорщик	прапорщик	s	12.6	1.2	6.9	35.1	1.5	2.6	7.6	
6977  	приспособить	приспособить	v	12.6	16.3	11.2	10.5	11.9	20.2	13.2	
6978  	рискнуть	рискнуть	v	12.6	9.6	12.5	14.9	8.9	14.7	15.2	
6979  	сани	сани	s	12.6	34.6	28.8	14.0	77.1	27.1	7.0	
6980  	сочувствовать	сочувствовать	v	12.6	13.5	19.1	16.0	4.5	13.6	11.7	
6981  	счастливо	счастливо	adv	12.6	22.3	21.6	21.8	8.9	9.9	8.1	
6982  	торговец	торговец	s	12.6	5.1	6.0	16.1	14.8	19.1	16.7	
6983  	трансформация	трансформация	s	12.6	0.9	1.0	2.8	1.5	1.5	14.9	
6984  	тщательный	тщательный	a	12.6	8.2	8.2	6.2	19.3	15.8	16.1	
6985  	узор	узор	s	12.6	15.9	8.9	16.7	41.5	17.2	10.5	
6986  	чрезмерный	чрезмерный	a	12.6	7.4	7.9	7.5	10.4	16.9	16.2	
6987  	аварийный	аварийный	a	12.5	3.7	8.1	3.2	4.5	6.2	15.7	
6988  	бессильный	бессильный	a	12.5	20.6	18.3	16.4	19.3	14.7	9.8	
6989  	блондинка	блондинка	s	12.5	10.3	14.7	27.4	4.5	4.4	7.3	
6990  	бокс	бокс	s	12.5	5.1	6.0	8.9	19.3	18.3	20.3	
6991  	влево	влево	adv	12.5	21.8	22.0	17.3	16.3	10.3	7.1	
6992  	выживание	выживание	s	12.5	1.2	1.3	7.5	0.0	4.8	20.8	
6993  	выслать	выслать	v	12.5	11.9	16.4	9.7	22.2	24.2	14.2	
6994  	выхватить	выхватить	v	12.5	24.3	23.7	26.7	14.8	10.6	5.2	
6995  	галактика	галактика	s	12.5	23.6	6.5	4.5	1.5	1.8	4.5	
6996  	динамо	динамо	s	12.5	5.3	3.3	3.5	20.8	18.7	19.6	
6997  	дрожь	дрожь	s	12.5	22.7	25.7	26.1	10.4	8.8	5.2	
6998  	закрытие	закрытие	s	12.5	1.6	4.0	6.2	7.4	12.1	20.9	
6999  	засунуть	засунуть	v	12.5	20.2	24.9	26.5	8.9	6.6	5.0	
7000  	исследовательский	исследовательский	a	12.5	4.4	1.5	1.8	10.4	5.5	15.1	


