8001  	осесть	осесть	v	10.4	17.7	14.2	16.7	5.9	12.5	7.8	
8002  	отдельность	отдельность	s	10.4	9.9	10.6	10.0	8.9	12.5	9.0	
8003  	отличить	отличить	v	10.4	10.6	11.4	10.5	11.9	10.6	10.5	
8004  	отстоять	отстоять	v	10.4	7.8	9.3	7.5	31.1	17.6	13.4	
8005  	пальчик	пальчик	s	10.4	13.3	11.6	24.0	4.5	5.1	5.0	
8006  	перемещаться	перемещаться	v	10.4	5.0	5.6	9.0	11.9	7.3	11.0	
8007  	популяция	популяция	s	10.4	0.0	1.7	1.3	0.0	2.6	4.0	
8008  	прибывать	прибывать	v	10.4	7.1	13.3	9.8	14.8	14.7	11.4	
8009  	прикрытие	прикрытие	s	10.4	9.6	7.4	8.0	3.0	7.7	12.7	
8010  	прописка	прописка	s	10.4	7.8	9.6	11.3	0.0	9.9	13.8	
8011  	пух	пух	s	10.4	13.1	16.5	16.8	13.3	8.4	7.4	
8012  	пшеница	пшеница	s	10.4	13.1	10.4	4.5	19.3	51.0	10.5	
8013  	растерять	растерять	v	10.4	12.2	17.3	17.6	10.4	13.6	8.3	
8014  	сборка	сборка	s	10.4	2.8	0.0	2.1	3.0	12.5	15.8	
8015  	сбыться	сбыться	v	10.4	5.7	7.0	10.6	5.9	7.3	14.3	
8016  	серебристый	серебристый	a	10.4	18.3	12.4	16.9	11.9	5.1	8.3	
8017  	сертификат	сертификат	s	10.4	0.0	1.3	2.1	0.0	2.2	16.3	
8018  	созреть	созреть	v	10.4	6.0	12.9	9.7	13.3	14.7	11.0	
8019  	тележка	тележка	s	10.4	17.4	12.8	15.8	16.3	2.2	7.5	
8020  	уютно	уютно	adv	10.4	16.7	14.7	15.8	5.9	13.9	8.5	
8021  	финансировать	финансировать	v	10.4	1.4	0.0	3.0	0.0	2.9	20.1	
8022  	штатный	штатный	a	10.4	3.5	5.4	5.3	4.5	4.4	16.1	
8023  	эпидемия	эпидемия	s	10.4	4.8	5.8	5.6	10.4	11.7	12.1	
8024  	автограф	автограф	s	10.3	3.4	5.1	4.6	10.4	18.7	18.7	
8025  	азиатский	азиатский	a	10.3	2.8	4.6	9.6	3.0	12.8	12.9	
8026  	багажник	багажник	s	10.3	6.7	6.5	15.5	1.5	4.4	13.5	
8027  	богатырь	богатырь	s	10.3	6.4	7.2	24.7	13.3	8.4	6.5	
8028  	ведущий	ведущий	s	10.3	2.8	2.9	9.2	1.5	4.4	15.3	
8029  	визг	визг	s	10.3	20.9	18.0	23.5	3.0	5.9	3.8	
8030  	виновный	виновный	a	10.3	8.5	6.5	7.9	8.9	15.4	11.9	
8031  	выигрыш	выигрыш	s	10.3	5.3	12.0	8.0	5.9	11.0	13.4	
8032  	голландский	голландский	a	10.3	5.3	7.3	7.0	13.3	6.6	14.7	
8033  	дергаться	дергаться	v	10.3	12.1	17.6	24.5	1.5	2.6	4.3	
8034  	здоровенный	здоровенный	a	10.3	14.5	17.0	21.8	10.4	6.6	5.5	
8035  	идеально	идеально	adv	10.3	4.1	2.9	8.4	10.4	5.5	13.3	
8036  	индеец	индеец	s	10.3	3.7	7.9	7.2	8.9	82.5	11.7	
8037  	как	как	part	10.3	42.4	20.6	10.4	4.5	1.8	5.2	
8038  	крепостной	крепостной	a	10.3	9.9	12.4	9.2	20.8	12.1	10.5	
8039  	кучка	кучка	s	10.3	22.9	15.7	14.3	4.5	22.0	8.0	
8040  	леди	леди	s	10.3	4.8	8.6	13.0	3.0	5.9	12.9	
8041  	лихо	лихо	adv	10.3	16.3	18.3	15.1	7.4	14.7	8.6	
8042  	лихой	лихой	a	10.3	12.6	15.9	13.2	10.4	14.7	10.4	
8043  	ловкий	ловкий	a	10.3	17.6	20.5	15.3	22.2	14.3	7.2	
8044  	лорд	лорд	s	10.3	2.8	9.2	15.9	11.9	21.3	10.4	
8045  	мучаться	мучаться	v	10.3	13.1	15.7	14.8	4.5	5.5	8.0	
8046  	наглядный	наглядный	a	10.3	3.9	5.9	5.2	16.3	18.0	11.2	
8047  	надвигаться	надвигаться	v	10.3	17.2	17.0	13.5	14.8	10.3	9.6	
8048  	напрячься	напрячься	v	10.3	13.8	23.0	24.4	0.0	1.1	3.5	
8049  	нацелить	нацелить	v	10.3	7.4	8.4	7.1	4.5	7.0	12.8	
8050  	несправедливость	несправедливость	s	10.3	14.5	10.9	7.8	8.9	13.2	11.6	
8051  	обморок	обморок	s	10.3	7.6	14.3	20.4	13.3	15.4	7.1	
8052  	отрезок	отрезок	s	10.3	4.1	5.4	4.7	5.9	11.0	9.1	
8053  	подлец	подлец	s	10.3	18.3	23.5	20.8	7.4	9.5	4.5	
8054  	пострадавший	пострадавший	s	10.3	3.5	3.1	7.2	3.0	7.3	16.5	
8055  	присылать	присылать	v	10.3	7.1	10.5	9.5	11.9	20.5	12.1	
8056  	пчела	пчела	s	10.3	28.0	15.2	13.3	11.9	12.1	5.7	
8057  	разлука	разлука	s	10.3	19.5	14.2	10.8	16.3	16.9	8.7	
8058  	рукоятка	рукоятка	s	10.3	17.9	9.5	13.8	1.5	2.2	8.8	
8059  	симфония	симфония	s	10.3	10.1	12.2	5.0	20.8	22.0	16.2	
8060  	скомандовать	скомандовать	v	10.3	23.2	21.9	21.8	0.0	9.9	3.7	
8061  	скула	скула	s	10.3	25.5	17.4	21.5	8.9	4.0	3.9	
8062  	стан	стан	s	10.3	15.4	7.2	10.3	13.3	11.0	11.5	
8063  	таракан	таракан	s	10.3	7.8	10.2	21.2	1.5	6.2	7.7	
8064  	теневой	теневой	a	10.3	3.0	1.0	3.1	0.0	2.6	11.8	
8065  	уборная	уборная	s	10.3	12.4	21.9	15.0	38.5	24.9	7.8	
8066  	фронтовой	фронтовой	a	10.3	21.4	14.1	6.1	3.0	34.5	12.4	
8067  	целесообразный	целесообразный	a	10.3	7.6	3.3	1.3	8.9	11.7	9.1	
8068  	экономить	экономить	v	10.3	7.3	7.0	9.2	11.9	11.4	14.2	
8069  	абзац	абзац	s	10.2	3.5	4.5	6.7	5.9	7.0	10.8	
8070  	блеснуть	блеснуть	v	10.2	29.2	17.4	18.2	4.5	8.1	4.9	
8071  	внушительный	внушительный	a	10.2	8.5	8.2	10.8	3.0	9.2	14.2	
8072  	воскресный	воскресный	a	10.2	14.5	9.7	8.8	14.8	13.2	12.1	
8073  	всплеск	всплеск	s	10.2	8.3	9.1	9.9	1.5	7.7	11.7	
8074  	вылетать	вылетать	v	10.2	14.5	11.2	14.8	11.9	8.8	9.6	
8075  	выпрямиться	выпрямиться	v	10.2	41.3	24.4	20.0	4.5	4.4	1.2	
8076  	выращивать	выращивать	v	10.2	3.0	5.6	6.4	13.3	17.2	12.1	
8077  	графический	графический	a	10.2	0.0	1.0	0.0	29.6	2.2	7.2	
8078  	двенадцатый	двенадцатый	anum	10.2	14.0	16.1	15.9	3.0	13.9	7.7	
8079  	доставаться	доставаться	v	10.2	10.8	10.4	10.2	5.9	18.7	13.0	
8080  	дружок	дружок	s	10.2	25.2	24.3	18.2	1.5	5.1	4.4	
8081  	залп	залп	s	10.2	16.1	23.1	15.9	13.3	9.9	6.9	
8082  	застрелить	застрелить	v	10.2	15.9	15.5	17.4	5.9	11.0	8.1	
8083  	землянка	землянка	s	10.2	48.7	17.6	10.4	4.5	27.9	5.7	
8084  	знакомая	знакомая	s	10.2	8.7	13.2	14.7	7.4	11.0	8.2	
8085  	инновационный	инновационный	a	10.2	0.0	0.0	0.0	0.0	0.7	10.1	
8086  	кол	кол	s	10.2	21.3	13.9	17.1	8.9	6.2	6.1	
8087  	конунг	конунг	s	10.2	0.0	0.0	42.1	0.0	0.0	0.0	
8088  	коттедж	коттедж	s	10.2	8.2	3.2	10.5	34.1	8.4	13.5	
8089  	маркетинг	маркетинг	s	10.2	0.0	0.0	0.9	0.0	0.0	17.5	
8090  	машинист	машинист	s	10.2	18.1	10.0	5.1	22.2	9.2	9.4	
8091  	нагнуться	нагнуться	v	10.2	34.9	22.0	20.6	0.0	6.2	2.2	
8092  	неохотно	неохотно	adv	10.2	20.9	16.5	16.2	19.3	13.6	6.7	
8093  	обследовать	обследовать	v	10.2	8.7	6.4	6.3	4.5	5.5	6.7	
8094  	опасно	опасно	adv	10.2	8.5	11.0	15.3	1.5	11.7	9.9	
8095  	оперативник	оперативник	s	10.2	1.4	2.2	20.2	0.0	9.9	12.1	
8096  	пасха	пасха	s	10.2	3.5	8.2	9.0	7.4	10.3	9.6	
8097  	переступить	переступить	v	10.2	16.3	19.1	18.2	10.4	16.1	5.9	
8098  	покурить	покурить	v	10.2	21.6	20.3	20.5	1.5	5.1	3.8	
8099  	посоветоваться	посоветоваться	v	10.2	17.4	13.4	12.8	13.3	19.4	8.8	
8100  	продовольствие	продовольствие	s	10.2	6.6	6.1	3.1	22.2	41.5	14.5	
8101  	продолжительный	продолжительный	a	10.2	7.6	3.7	5.7	19.3	5.1	12.2	
8102  	прожектор	прожектор	s	10.2	28.5	17.9	13.1	56.3	15.8	6.2	
8103  	пугаться	пугаться	v	10.2	16.5	20.3	16.0	3.0	13.9	6.6	
8104  	пухлый	пухлый	a	10.2	17.7	17.4	23.5	19.3	3.3	4.2	
8105  	расцвет	расцвет	s	10.2	4.1	5.6	5.5	23.7	16.9	13.1	
8106  	родство	родство	s	10.2	4.1	5.6	9.5	22.2	12.8	10.0	
8107  	сетевой	сетевой	a	10.2	0.7	0.0	0.6	0.0	0.0	15.0	
8108  	скользнуть	скользнуть	v	10.2	26.9	23.1	22.7	5.9	3.3	2.4	
8109  	снисходительно	снисходительно	adv	10.2	23.6	21.7	17.6	4.5	9.5	5.5	
8110  	солидарность	солидарность	s	10.2	2.8	5.9	5.1	10.4	11.0	17.0	
8111  	специализироваться	специализироваться	v	10.2	2.7	1.8	2.6	3.0	2.9	18.9	
8112  	спецназ	спецназ	s	10.2	0.0	0.0	7.3	0.0	0.0	21.7	
8113  	таможня	таможня	s	10.2	1.4	4.0	8.9	0.0	3.7	17.8	
8114  	телеканал	телеканал	s	10.2	0.0	0.0	2.8	0.0	0.0	23.8	
8115  	топтаться	топтаться	v	10.2	17.4	21.9	21.7	7.4	5.1	4.7	
8116  	третейский	третейский	a	10.2	0.5	0.0	1.1	0.0	0.0	1.7	
8117  	умолкнуть	умолкнуть	v	10.2	36.3	24.0	17.6	14.8	5.5	2.9	
8118  	упорный	упорный	a	10.2	11.2	10.9	7.7	23.7	15.8	12.8	
8119  	учредить	учредить	v	10.2	2.7	2.8	2.9	8.9	8.4	17.3	
8120  	физиологический	физиологический	a	10.2	3.2	3.7	5.1	4.5	5.9	7.5	
8121  	франк	франк	s	10.2	3.0	16.5	7.3	19.3	16.5	12.1	
8122  	частичный	частичный	a	10.2	1.1	2.2	1.9	1.5	4.0	9.9	
8123  	штучка	штучка	s	10.2	15.2	12.5	17.5	4.5	5.1	7.5	
8124  	альянс	альянс	s	10.1	0.5	0.0	1.1	1.5	0.7	21.4	
8125  	бакс	бакс	s	10.1	0.0	0.0	29.8	0.0	0.0	5.7	
8126  	блин	блин	intj	10.1	0.0	0.0	19.9	0.0	1.1	2.8	
8127  	бугор	бугор	s	10.1	25.5	16.8	15.2	1.5	5.5	3.1	
8128  	вишневый	вишневый	a	10.1	7.1	7.5	11.7	7.4	38.1	11.6	
8129  	волшебник	волшебник	s	10.1	30.8	9.7	19.4	8.9	2.9	5.9	
8130  	всматриваться	всматриваться	v	10.1	22.7	19.3	18.8	14.8	11.4	4.0	
8131  	выборка	выборка	s	10.1	1.8	1.1	0.0	0.0	2.2	2.9	
8132  	доброволец	доброволец	s	10.1	9.8	7.8	7.9	19.3	17.2	12.3	
8133  	догонять	догонять	v	10.1	22.0	19.9	15.0	7.4	6.2	6.5	
8134  	заведующий	заведующий	s	10.1	28.0	12.3	7.6	38.5	12.1	10.0	
8135  	запрещаться	запрещаться	v	10.1	5.8	7.0	3.9	3.0	8.1	9.7	
8136  	защищаться	защищаться	v	10.1	9.8	10.7	8.1	3.0	14.3	9.3	
8137  	злодей	злодей	s	10.1	9.0	16.8	11.4	17.8	13.6	10.6	
8138  	зрачок	зрачок	s	10.1	18.4	16.8	21.6	5.9	1.8	3.9	
8139  	искренность	искренность	s	10.1	9.8	11.1	8.5	25.2	18.7	12.5	
8140  	истечение	истечение	s	10.1	1.4	0.8	2.5	3.0	3.7	7.3	
8141  	клавиша	клавиша	s	10.1	5.7	13.8	16.7	0.0	6.2	7.7	
8142  	конвой	конвой	s	10.1	25.9	19.4	7.9	3.0	55.4	7.3	
8143  	мишень	мишень	s	10.1	11.2	5.9	11.9	1.5	8.4	10.3	
8144  	мудрец	мудрец	s	10.1	11.9	18.5	8.4	16.3	8.8	9.6	
8145  	мучение	мучение	s	10.1	13.3	11.9	12.3	8.9	18.7	9.1	
8146  	навалиться	навалиться	v	10.1	24.3	23.5	18.7	8.9	7.0	4.0	
8147  	навещать	навещать	v	10.1	7.6	12.7	16.4	17.8	16.1	9.5	
8148  	накинуть	накинуть	v	10.1	27.8	17.6	20.7	5.9	8.1	4.2	
8149  	напор	напор	s	10.1	8.5	12.4	12.9	8.9	10.6	10.6	
8150  	ныть	ныть	v	10.1	17.6	19.1	18.3	1.5	6.2	4.9	
8151  	оборваться	оборваться	v	10.1	23.9	21.2	14.9	7.4	14.7	6.2	
8152  	один-единственный	один-единственный	a	10.1	6.6	13.1	14.3	7.4	7.3	10.2	
8153  	озираться	озираться	v	10.1	19.3	18.8	22.9	7.4	4.8	3.3	
8154  	отделка	отделка	s	10.1	3.9	1.3	2.2	8.9	6.6	16.5	
8155  	пианист	пианист	s	10.1	2.7	6.5	4.8	8.9	13.9	17.4	
8156  	побледнеть	побледнеть	v	10.1	33.0	19.3	20.4	7.4	6.6	3.1	
8157  	поджидать	поджидать	v	10.1	13.3	13.9	20.0	0.0	5.5	7.6	
8158  	поправлять	поправлять	v	10.1	19.0	18.9	17.9	4.5	10.3	5.8	
8159  	пробыть	пробыть	v	10.1	14.0	12.3	9.0	41.5	27.1	11.0	
8160  	процветать	процветать	v	10.1	3.0	4.9	8.4	11.9	11.7	16.2	
8161  	радиус	радиус	s	10.1	2.7	3.5	3.3	5.9	8.8	7.5	
8162  	раздавать	раздавать	v	10.1	8.3	8.3	11.7	7.4	10.6	12.6	
8163  	рвануться	рвануться	v	10.1	24.8	22.8	22.8	8.9	5.9	2.3	
8164  	реализм	реализм	s	10.1	1.8	5.4	3.6	100.8	27.1	10.7	
8165  	репортаж	репортаж	s	10.1	1.6	1.9	15.8	8.9	8.4	13.6	
8166  	рождественский	рождественский	a	10.1	3.7	2.7	6.4	10.4	7.3	16.3	
8167  	содружество	содружество	s	10.1	5.0	1.9	1.2	14.8	9.5	18.2	
8168  	стареть	стареть	v	10.1	9.0	13.9	13.1	8.9	11.7	9.8	
8169  	стиснуть	стиснуть	v	10.1	31.6	23.3	19.4	3.0	5.9	3.1	
8170  	стихийный	стихийный	a	10.1	5.0	6.3	5.2	16.3	15.0	12.7	
8171  	стойкий	стойкий	a	10.1	8.7	7.3	8.4	7.4	10.3	11.2	
8172  	трепет	трепет	s	10.1	8.9	10.0	11.4	20.8	12.8	9.9	
8173  	убитый	убитый	a	10.1	18.3	15.0	13.6	10.4	10.3	8.9	
8174  	ужинать	ужинать	v	10.1	16.3	12.2	16.4	11.9	15.0	7.9	
8175  	ухватить	ухватить	v	10.1	12.8	22.4	22.9	3.0	4.0	3.5	
8176  	фонарик	фонарик	s	10.1	25.0	26.4	15.0	4.5	7.7	5.6	
8177  	шуршать	шуршать	v	10.1	25.2	20.2	20.3	14.8	3.7	4.2	
8178  	электростанция	электростанция	s	10.1	11.0	4.7	2.7	22.2	17.2	13.1	
8179  	яблоня	яблоня	s	10.1	17.7	15.5	13.8	10.4	9.9	8.3	
8180  	аграрный	аграрный	a	10.0	0.0	0.5	0.9	22.2	3.7	19.5	
8181  	алкоголик	алкоголик	s	10.0	6.2	8.3	16.2	8.9	2.2	10.7	
8182  	безо	безо	pr	10.0	3.9	11.9	17.9	0.0	10.6	9.2	
8183  	благо	благо	conj	10.0	2.7	8.9	13.3	10.4	7.3	13.0	
8184  	вытянуться	вытянуться	v	10.0	35.8	26.4	16.3	5.9	4.8	3.0	
8185  	выяснение	выяснение	s	10.0	3.7	6.0	6.8	3.0	6.6	10.1	
8186  	глиняный	глиняный	a	10.0	15.6	14.6	17.4	3.0	10.3	6.5	
8187  	датчик	датчик	s	10.0	1.9	2.4	3.0	0.0	1.1	13.9	
8188  	душить	душить	v	10.0	17.6	15.5	15.8	7.4	12.1	7.5	
8189  	заинтересованность	заинтересованность	s	10.0	3.4	3.7	4.1	3.0	12.5	13.1	
8190  	извлекать	извлекать	v	10.0	7.1	6.7	10.8	13.3	10.6	9.6	
8191  	казна	казна	s	10.0	1.8	2.9	6.8	3.0	4.8	17.4	
8192  	копье	копье	s	10.0	11.3	13.3	22.1	7.4	5.9	4.9	
8193  	крещение	крещение	s	10.0	1.8	3.8	7.0	10.4	2.6	10.8	
8194  	марксизм	марксизм	s	10.0	3.5	6.8	3.4	29.6	19.4	12.8	
8195  	миллионер	миллионер	s	10.0	2.8	7.2	9.9	3.0	11.0	15.0	
8196  	наглядно	наглядно	adv	10.0	4.4	3.7	3.7	10.4	11.4	12.2	
8197  	надлежать	надлежать	v	10.0	12.1	10.5	11.1	7.4	11.0	7.8	
8198  	недостойный	недостойный	a	10.0	11.7	8.8	8.4	11.9	15.4	7.1	
8199  	обязывать	обязывать	v	10.0	4.2	6.3	6.1	17.8	14.7	13.5	
8200  	островок	островок	s	10.0	13.8	13.3	11.2	14.8	19.1	7.4	
8201  	остроумный	остроумный	a	10.0	9.4	8.3	6.2	28.2	18.7	15.2	
8202  	официантка	официантка	s	10.0	19.1	19.3	20.7	5.9	4.0	5.0	
8203  	охотиться	охотиться	v	10.0	14.9	13.9	14.6	14.8	13.6	8.5	
8204  	паренек	паренек	s	10.0	24.6	14.8	17.7	13.3	16.1	5.8	
8205  	патент	патент	s	10.0	3.9	2.7	1.6	1.5	6.2	8.4	
8206  	переделать	переделать	v	10.0	9.2	10.0	10.0	32.6	13.6	12.1	
8207  	перекрыть	перекрыть	v	10.0	5.1	6.4	13.0	3.0	3.3	13.2	
8208  	плановый	плановый	a	10.0	3.7	3.3	3.0	11.9	14.7	14.3	
8209  	повязка	повязка	s	10.0	16.3	15.9	16.4	5.9	6.2	7.4	
8210  	погашение	погашение	s	10.0	0.0	0.0	0.7	0.0	8.8	14.7	
8211  	попугай	попугай	s	10.0	33.0	16.8	12.7	8.9	10.6	6.5	
8212  	потереть	потереть	v	10.0	22.7	23.8	22.5	4.5	2.9	2.1	
8213  	разгром	разгром	s	10.0	9.6	7.8	7.5	17.8	31.2	13.1	
8214  	решимость	решимость	s	10.0	11.7	14.8	11.1	22.2	9.2	8.4	
8215  	склоняться	склоняться	v	10.0	13.5	10.6	11.8	8.9	11.0	9.4	
8216  	смертельно	смертельно	adv	10.0	11.9	15.2	12.9	11.9	12.5	10.0	
8217  	спускать	спускать	v	10.0	22.5	18.2	16.8	7.4	9.5	6.1	
8218  	стартовый	стартовый	a	10.0	2.7	2.4	2.4	3.0	3.3	19.1	
8219  	стипендия	стипендия	s	10.0	4.6	8.1	4.7	4.5	35.2	13.2	
8220  	сулить	сулить	v	10.0	11.3	8.4	10.9	7.4	18.0	12.0	
8221  	тундра	тундра	s	10.0	1.9	27.0	4.4	5.9	8.4	13.9	
8222  	удобрение	удобрение	s	10.0	3.9	5.2	2.3	50.4	18.0	13.8	
8223  	форточка	форточка	s	10.0	16.8	16.9	18.2	4.5	6.2	5.8	
8224  	цветочный	цветочный	a	10.0	13.3	6.3	9.1	10.4	7.0	10.9	
8225  	читаться	читаться	v	10.0	4.1	4.3	10.1	32.6	10.3	11.1	
8226  	шашлык	шашлык	s	10.0	7.1	10.4	16.6	10.4	5.5	9.5	
8227  	являть	являть	v	10.0	2.7	5.1	10.0	7.4	11.7	11.7	
8228  	балка	балка	s	9.9	25.9	13.7	9.7	11.9	12.1	7.8	
8229  	безупречный	безупречный	a	9.9	7.1	7.3	12.0	14.8	11.7	12.0	
8230  	березовый	березовый	a	9.9	24.8	19.9	9.8	17.8	11.7	6.2	
8231  	ближний	ближний	s	9.9	5.3	7.7	8.5	4.5	7.3	8.0	
8232  	вексель	вексель	s	9.9	1.6	2.2	4.1	0.0	1.1	8.1	
8233  	весло	весло	s	9.9	35.3	24.9	12.6	4.5	2.9	5.6	
8234  	взлетать	взлетать	v	9.9	20.9	16.6	15.0	13.3	8.4	7.6	
8235  	впредь	впредь	adv	9.9	9.0	7.2	9.8	20.8	9.2	11.7	
8236  	вспомогательный	вспомогательный	a	9.9	5.8	2.7	2.2	4.5	6.2	10.5	
8237  	дворянин	дворянин	s	9.9	3.5	12.3	11.3	8.9	20.5	10.2	
8238  	диктатура	диктатура	s	9.9	5.5	3.1	4.0	31.1	25.7	16.0	
8239  	жестоко	жестоко	adv	9.9	11.3	12.3	11.5	5.9	16.1	10.5	
8240  	закусить	закусить	v	9.9	22.3	22.1	18.3	5.9	5.1	4.8	
8241  	зараза	зараза	s	9.9	9.6	17.4	16.8	1.5	7.7	5.6	
8242  	зачет	зачет	s	9.9	4.4	4.7	3.8	7.4	5.1	14.3	
8243  	изобилие	изобилие	s	9.9	6.6	4.5	10.6	23.7	9.9	12.6	
8244  	кубик	кубик	s	9.9	29.2	6.4	9.7	11.9	10.3	7.8	
8245  	люстра	люстра	s	9.9	9.0	17.5	17.2	10.4	2.2	7.8	
8246  	машиностроение	машиностроение	s	9.9	0.5	0.0	0.6	16.3	14.7	13.4	
8247  	нащупать	нащупать	v	9.9	22.9	17.4	21.3	5.9	4.0	3.6	
8248  	неблагоприятный	неблагоприятный	a	9.9	2.3	2.4	1.7	4.5	5.1	12.4	
8249  	недействительный	недействительный	a	9.9	1.1	3.1	1.5	1.5	2.6	6.4	
8250  	нежелание	нежелание	s	9.9	4.8	4.6	6.2	11.9	11.4	15.0	
8251  	необъяснимый	необъяснимый	a	9.9	11.7	13.7	14.2	8.9	9.9	9.4	
8252  	основательно	основательно	adv	9.9	10.5	7.0	11.8	5.9	13.6	11.7	
8253  	осуждение	осуждение	s	9.9	8.2	8.2	5.2	14.8	19.8	10.0	
8254  	папаша	папаша	s	9.9	15.8	18.2	23.0	3.0	4.0	3.4	
8255  	парашют	парашют	s	9.9	21.4	11.0	12.7	11.9	8.4	10.2	
8256  	парить	парить	v	9.9	11.2	14.7	16.0	4.5	7.7	7.4	
8257  	паук	паук	s	9.9	52.3	10.7	15.7	5.9	2.9	3.8	
8258  	переглянуться	переглянуться	v	9.9	25.5	15.2	22.5	5.9	5.9	3.5	
8259  	подвергать	подвергать	v	9.9	10.1	5.6	5.0	7.4	11.7	10.6	
8260  	подписка	подписка	s	9.9	6.0	5.5	5.7	5.9	7.7	14.1	
8261  	подъезжать	подъезжать	v	9.9	14.4	11.2	17.1	11.9	15.8	7.7	
8262  	по-человечески	по-человечески	adv	9.9	12.2	14.4	15.6	4.5	11.7	8.0	
8263  	преграда	преграда	s	9.9	6.6	9.6	10.5	13.3	15.0	8.5	
8264  	пригодный	пригодный	a	9.9	4.8	4.7	5.1	3.0	12.5	10.3	
8265  	прогнозирование	прогнозирование	s	9.9	0.0	0.0	0.9	0.0	1.5	5.1	
8266  	прокомментировать	прокомментировать	v	9.9	0.3	2.9	7.9	1.5	3.7	17.1	
8267  	раздраженно	раздраженно	adv	9.9	21.6	16.2	23.3	0.0	4.4	3.7	
8268  	разыскивать	разыскивать	v	9.9	18.4	22.9	13.2	11.9	11.4	7.3	
8269  	раскрыться	раскрыться	v	9.9	15.8	10.9	14.9	11.9	12.1	6.5	
8270  	расстроиться	расстроиться	v	9.9	10.6	16.9	14.5	7.4	12.8	7.7	
8271  	реабилитация	реабилитация	s	9.9	0.0	4.0	2.5	5.9	19.8	16.7	
8272  	сеять	сеять	v	9.9	11.3	14.6	7.9	14.8	27.5	9.7	
8273  	социально	социально	adv	9.9	0.9	2.4	2.4	1.5	10.6	15.5	
8274  	терзать	терзать	v	9.9	9.2	14.6	17.0	10.4	11.7	7.9	
8275  	толпиться	толпиться	v	9.9	20.2	18.3	15.3	16.3	14.3	7.0	
8276  	уводить	уводить	v	9.9	12.8	16.1	13.9	14.8	15.8	7.8	
8277  	учредитель	учредитель	s	9.9	0.0	0.0	1.4	1.5	0.0	15.5	
8278  	целесообразность	целесообразность	s	9.9	5.0	4.2	1.8	3.0	12.1	12.1	
8279  	червь	червь	s	9.9	9.6	15.0	16.4	10.4	4.8	6.7	
8280  	щетка	щетка	s	9.9	10.6	16.0	13.8	11.9	6.6	7.2	
8281  	авангард	авангард	s	9.8	1.2	2.7	4.6	17.8	8.1	15.9	
8282  	белоснежный	белоснежный	a	9.8	10.3	8.9	17.6	7.4	8.1	8.2	
8283  	вводиться	вводиться	v	9.8	0.7	0.8	1.2	5.9	7.0	12.9	
8284  	внутрь	внутрь	pr	9.8	8.2	9.6	13.6	8.9	4.0	8.2	
8285  	воскреснуть	воскреснуть	v	9.8	5.3	5.8	8.7	13.3	9.9	5.6	
8286  	втянуть	втянуть	v	9.8	17.7	15.2	17.3	1.5	7.3	6.8	
8287  	выписывать	выписывать	v	9.8	15.6	11.6	11.4	8.9	11.7	9.0	
8288  	главнокомандующий	главнокомандующий	s	9.8	2.1	14.7	3.7	11.9	8.8	15.8	
8289  	демографический	демографический	a	9.8	0.5	1.1	0.6	0.0	1.5	12.1	
8290  	досуг	досуг	s	9.8	5.7	4.7	8.6	19.3	18.0	12.8	
8291  	единичный	единичный	a	9.8	2.7	1.3	1.5	0.0	7.7	8.5	
8292  	ей-богу	ей-богу	intj	9.8	17.2	27.5	17.9	8.9	9.2	3.8	
8293  	заблудиться	заблудиться	v	9.8	16.1	13.9	16.5	13.3	11.4	7.0	
8294  	запястье	запястье	s	9.8	12.4	8.7	23.1	4.5	1.8	4.4	
8295  	засада	засада	s	9.8	8.7	14.2	14.6	5.9	6.6	9.5	
8296  	захохотать	захохотать	v	9.8	30.7	18.4	23.0	7.4	3.3	1.7	
8297  	истинно	истинно	adv	9.8	4.2	6.1	8.0	10.4	14.3	11.1	
8298  	кабель	кабель	s	9.8	15.4	4.3	6.2	8.9	5.1	8.8	
8299  	конъюнктура	конъюнктура	s	9.8	0.9	0.0	1.8	1.5	3.7	17.2	
8300  	лесхоз	лесхоз	s	9.8	0.3	0.0	0.0	5.9	0.7	5.5	
8301  	лохматый	лохматый	a	9.8	18.1	39.3	15.6	5.9	5.5	3.3	
8302  	любимец	любимец	s	9.8	6.6	7.9	8.6	25.2	17.6	14.3	
8303  	магистраль	магистраль	s	9.8	2.5	4.9	2.9	14.8	12.8	15.6	
8304  	месячный	месячный	a	9.8	2.8	4.3	4.2	14.8	7.7	11.0	
8305  	морщиться	морщиться	v	9.8	28.5	22.6	19.1	4.5	3.3	3.1	
8306  	нанесение	нанесение	s	9.8	1.1	1.1	1.2	1.5	3.7	11.2	
8307  	недоразумение	недоразумение	s	9.8	10.1	13.9	11.5	31.1	13.6	8.8	
8308  	одноклассник	одноклассник	s	9.8	2.3	9.2	17.4	5.9	5.5	8.5	
8309  	пивной	пивной	a	9.8	9.9	7.8	15.0	10.4	3.3	11.1	
8310  	подражать	подражать	v	9.8	14.2	15.5	8.7	20.8	15.8	8.9	
8311  	помойка	помойка	s	9.8	3.2	8.9	22.7	3.0	1.8	7.4	
8312  	последователь	последователь	s	9.8	3.9	1.9	3.2	23.7	9.5	11.6	
8313  	презрительно	презрительно	adv	9.8	30.8	17.3	19.6	8.9	8.1	3.2	
8314  	причудливый	причудливый	a	9.8	8.5	7.4	11.9	13.3	13.9	10.1	
8315  	пропорция	пропорция	s	9.8	4.6	2.9	4.4	3.0	12.8	11.8	
8316  	раскрываться	раскрываться	v	9.8	8.3	5.4	6.9	20.8	14.3	8.6	
8317  	раскрытый	раскрытый	a	9.8	25.4	18.2	17.0	11.9	4.4	4.5	
8318  	рискованный	рискованный	a	9.8	7.8	6.9	8.0	7.4	11.7	14.1	
8319  	рок	рок	s	9.8	6.4	7.8	8.7	10.4	16.5	13.0	
8320  	соврать	соврать	v	9.8	13.1	18.5	22.3	1.5	2.9	4.0	
8321  	солома	солома	s	9.8	22.0	20.9	12.3	22.2	11.0	6.5	
8322  	соорудить	соорудить	v	9.8	7.4	9.8	10.8	19.3	20.2	10.8	
8323  	странность	странность	s	9.8	10.1	13.6	15.5	14.8	8.8	8.0	
8324  	табачный	табачный	a	9.8	14.0	15.5	11.9	1.5	3.3	10.7	
8325  	техникум	техникум	s	9.8	15.2	8.7	7.6	28.2	15.0	12.1	
8326  	тополь	тополь	s	9.8	15.9	18.8	16.3	16.3	4.8	5.5	
8327  	часовой	часовой	a	9.8	5.1	6.3	6.7	11.9	13.2	12.1	
8328  	экспонат	экспонат	s	9.8	7.6	5.5	5.2	14.8	5.9	16.2	
8329  	антиген	антиген	s	9.7	0.0	0.0	0.0	0.0	0.0	1.0	
8330  	взойти	взойти	v	9.7	17.0	16.9	13.9	5.9	5.9	7.5	
8331  	вихрь	вихрь	s	9.7	13.5	15.1	13.5	8.9	11.4	5.8	
8332  	возмутить	возмутить	v	9.7	10.1	11.8	8.7	19.3	16.5	12.2	
8333  	воспитатель	воспитатель	s	9.7	3.5	7.8	4.6	23.7	18.7	8.1	
8334  	вражеский	вражеский	a	9.7	10.1	16.2	8.7	14.8	22.7	11.4	
8335  	выкрикнуть	выкрикнуть	v	9.7	15.2	23.1	21.7	3.0	6.6	3.5	
8336  	вырываться	вырываться	v	9.7	19.5	14.6	15.7	8.9	6.6	6.7	
8337  	выходец	выходец	s	9.7	2.3	6.0	4.4	13.3	8.1	16.6	
8338  	гарнизон	гарнизон	s	9.7	9.2	9.1	10.4	1.5	12.1	12.7	
8339  	гормон	гормон	s	9.7	3.4	2.2	3.4	4.5	1.1	6.5	
8340  	дернуться	дернуться	v	9.7	14.0	16.6	27.4	3.0	0.0	1.6	
8341  	задаваться	задаваться	v	9.7	6.7	3.1	4.4	4.5	6.2	9.7	
8342  	закономерный	закономерный	a	9.7	2.8	3.8	3.1	8.9	10.3	12.7	
8343  	замужем	замужем	adv	9.7	9.6	8.9	14.4	1.5	9.9	7.8	
8344  	заповедник	заповедник	s	9.7	4.8	5.9	3.7	20.8	17.2	9.8	
8345  	запоминать	запоминать	v	9.7	12.6	14.2	13.1	13.3	12.5	7.3	
8346  	зацепиться	зацепиться	v	9.7	15.8	14.7	18.3	13.3	5.5	6.0	
8347  	изволить	изволить	v	9.7	12.6	22.4	18.6	5.9	5.1	4.6	
8348  	императрица	императрица	s	9.7	0.9	4.1	13.8	108.2	6.2	10.6	
8349  	исковой	исковой	a	9.7	0.0	0.0	0.9	0.0	0.0	4.3	
8350  	консервативный	консервативный	a	9.7	1.9	1.3	2.1	5.9	11.0	16.3	
8351  	контраст	контраст	s	9.7	5.3	4.5	5.4	4.5	33.0	10.4	
8352  	лет	лет	s	9.7	10.8	13.8	11.9	7.4	10.3	10.0	
8353  	мерзкий	мерзкий	a	9.7	11.0	11.9	21.9	5.9	6.2	5.6	
8354  	монитор	монитор	s	9.7	0.0	1.8	14.6	0.0	1.5	10.4	
8355  	начисто	начисто	adv	9.7	17.7	16.1	13.6	11.9	11.4	7.9	
8356  	ненормальный	ненормальный	a	9.7	6.6	14.8	15.7	11.9	7.0	6.8	
8357  	номенклатура	номенклатура	s	9.7	1.8	0.9	2.3	1.5	3.3	15.6	
8358  	одиноко	одиноко	adv	9.7	18.8	17.5	15.6	10.4	7.7	6.1	
8359  	оформлять	оформлять	v	9.7	4.2	6.0	8.9	3.0	7.7	12.3	
8360  	подбросить	подбросить	v	9.7	20.2	15.5	18.2	4.5	9.5	5.3	
8361  	подпольный	подпольный	a	9.7	7.1	8.9	10.7	16.3	24.2	12.2	
8362  	полосатый	полосатый	a	9.7	20.2	16.6	15.6	19.3	10.6	5.8	
8363  	поперек	поперек	pr	9.7	19.1	14.3	16.4	7.4	5.1	6.1	
8364  	причал	причал	s	9.7	28.2	22.0	9.5	11.9	11.0	6.8	
8365  	прогнать	прогнать	v	9.7	18.6	24.7	16.8	4.5	7.7	4.3	
8366  	проложить	проложить	v	9.7	11.9	7.7	7.4	13.3	22.0	10.2	
8367  	пустырь	пустырь	s	9.7	12.8	24.9	17.1	7.4	10.3	5.2	
8368  	раненый	раненый	a	9.7	26.9	15.7	13.5	4.5	7.0	7.4	
8369  	распространять	распространять	v	9.7	5.8	6.5	7.6	11.9	8.8	12.4	
8370  	резина	резина	s	9.7	7.4	11.1	8.9	7.4	7.0	12.0	
8371  	сверх	сверх	pr	9.7	10.8	12.5	7.2	29.6	23.1	8.9	
8372  	светло	светло	adv	9.7	26.2	19.7	15.3	4.5	10.6	4.4	
8373  	свисать	свисать	v	9.7	14.9	16.6	20.7	11.9	5.1	4.2	
8374  	смысловой	смысловой	a	9.7	0.0	1.3	1.4	3.0	6.6	8.5	
8375  	сослуживец	сослуживец	s	9.7	12.6	11.2	12.7	4.5	8.1	11.0	
8376  	сочетать	сочетать	v	9.7	3.0	1.7	2.6	8.9	9.9	12.1	
8377  	стартовать	стартовать	v	9.7	1.2	1.0	3.2	3.0	4.4	21.1	
8378  	суша	суша	s	9.7	8.5	10.1	9.0	7.4	13.9	9.9	
8379  	терминология	терминология	s	9.7	8.5	4.5	3.7	4.5	8.1	9.5	
8380  	трап	трап	s	9.7	25.4	19.4	11.3	1.5	7.0	7.5	
8381  	уточнять	уточнять	v	9.7	6.6	8.8	11.3	4.5	7.7	9.7	
8382  	четверка	четверка	s	9.7	6.2	8.4	6.5	5.9	7.0	11.7	
8383  	чеховский	чеховский	a	9.7	3.0	3.7	3.1	44.5	20.5	18.6	
8384  	чутье	чутье	s	9.7	11.2	14.1	14.8	14.8	16.9	7.8	
8385  	алло	алло	intj	9.6	8.3	12.2	21.8	5.9	2.6	2.8	
8386  	безымянный	безымянный	a	9.6	7.3	10.5	15.3	10.4	10.3	8.3	
8387  	блаженство	блаженство	s	9.6	9.0	11.4	14.0	8.9	8.1	5.9	
8388  	божество	божество	s	9.6	5.5	8.1	6.5	8.9	5.1	5.8	
8389  	бриллиант	бриллиант	s	9.6	4.1	13.8	11.5	4.5	8.1	12.0	
8390  	венец	венец	s	9.6	4.8	8.9	15.9	8.9	6.2	7.5	
8391  	вериться	вериться	v	9.6	12.8	16.0	12.9	14.8	11.4	8.6	
8392  	водород	водород	s	9.6	1.9	0.0	1.2	4.5	1.8	4.7	
8393  	волосок	волосок	s	9.6	12.1	11.8	11.9	3.0	5.1	4.8	
8394  	врожденный	врожденный	a	9.6	4.4	7.2	7.9	8.9	11.0	9.7	
8395  	высунуться	высунуться	v	9.6	28.0	21.7	20.0	1.5	4.8	2.5	
8396  	газопровод	газопровод	s	9.6	0.0	0.0	0.7	0.0	3.3	9.0	
8397  	глотка	глотка	s	9.6	10.6	20.3	17.3	3.0	7.3	4.3	
8398  	дворянский	дворянский	a	9.6	3.5	8.6	9.4	14.8	18.7	12.3	
8399  	деликатный	деликатный	a	9.6	6.4	13.2	11.3	22.2	9.9	10.6	
8400  	долгожданный	долгожданный	a	9.6	5.5	8.1	10.6	5.9	7.3	13.5	
8401  	дружина	дружина	s	9.6	4.6	10.7	23.3	10.4	9.5	5.0	
8402  	заголовок	заголовок	s	9.6	5.5	8.1	7.3	29.6	14.3	12.6	
8403  	зарядить	зарядить	v	9.6	10.3	11.6	10.0	1.5	5.9	7.1	
8404  	застраховать	застраховать	v	9.6	3.4	1.7	4.2	3.0	4.4	12.8	
8405  	именоваться	именоваться	v	9.6	3.4	5.6	7.5	7.4	10.6	10.8	
8406  	имперский	имперский	a	9.6	15.6	1.4	4.5	0.0	7.7	14.1	
8407  	компартия	компартия	s	9.6	1.1	1.9	1.8	17.8	32.6	19.7	
8408  	корейский	корейский	a	9.6	0.0	0.0	6.8	44.5	5.5	12.3	
8409  	косяк	косяк	s	9.6	19.9	16.2	19.9	11.9	7.7	3.8	
8410  	ладошка	ладошка	s	9.6	17.2	20.3	21.2	5.9	2.6	3.8	
8411  	минутка	минутка	s	9.6	24.1	21.9	15.3	14.8	7.7	4.5	
8412  	настойчивый	настойчивый	a	9.6	9.9	13.2	10.3	11.9	12.5	10.4	
8413  	нюанс	нюанс	s	9.6	0.3	7.0	6.0	4.5	8.8	15.9	
8414  	оглядывать	оглядывать	v	9.6	31.9	21.5	18.4	5.9	5.9	2.6	
8415  	одесский	одесский	a	9.6	5.8	10.2	7.2	14.8	44.4	12.2	
8416  	пастух	пастух	s	9.6	13.8	17.0	12.6	19.3	19.4	6.7	
8417  	переполнить	переполнить	v	9.6	6.9	16.0	11.5	32.6	18.7	9.8	
8418  	периодический	периодический	a	9.6	0.9	1.1	1.6	5.9	2.6	10.8	
8419  	повалить	повалить	v	9.6	19.3	17.6	17.8	7.4	10.3	5.1	
8420  	повышаться	повышаться	v	9.6	3.5	2.0	1.6	14.8	5.1	11.6	
8421  	поддаться	поддаться	v	9.6	11.3	14.4	14.1	11.9	12.5	8.7	
8422  	послезавтра	послезавтра	adv	9.6	15.1	19.6	16.2	3.0	5.1	5.9	
8423  	потемнеть	потемнеть	v	9.6	23.8	20.7	19.1	5.9	7.7	2.8	
8424  	предотвращение	предотвращение	s	9.6	0.7	0.6	0.6	1.5	6.6	10.2	
8425  	представать	представать	v	9.6	2.3	2.4	3.9	3.0	14.3	12.3	
8426  	продвигаться	продвигаться	v	9.6	13.1	9.1	12.0	3.0	14.3	9.7	
8427  	проступать	проступать	v	9.6	15.9	11.6	16.1	10.4	9.2	7.3	
8428  	прут	прут	s	9.6	16.7	13.8	15.9	7.4	5.1	7.3	
8429  	рабство	рабство	s	9.6	12.2	7.2	8.6	11.9	9.9	11.5	
8430  	радиолокационный	радиолокационный	a	9.6	0.3	0.0	0.0	0.0	0.7	14.3	
8431  	расписать	расписать	v	9.6	7.1	8.1	10.3	20.8	10.3	11.9	
8432  	реструктуризация	реструктуризация	s	9.6	0.0	0.0	0.0	0.0	0.0	20.5	
8433  	сжаться	сжаться	v	9.6	25.7	21.6	17.8	4.5	5.1	3.5	
8434  	синдром	синдром	s	9.6	0.0	0.6	4.9	0.0	2.6	11.0	
8435  	словечко	словечко	s	9.6	9.4	15.9	14.7	8.9	12.5	8.0	
8436  	смущение	смущение	s	9.6	20.0	16.6	16.5	13.3	8.4	5.2	
8437  	соединяться	соединяться	v	9.6	6.6	6.0	7.1	10.4	13.2	6.8	
8438  	уполномоченный	уполномоченный	s	9.6	11.3	5.2	2.5	1.5	16.1	10.8	
8439  	установиться	установиться	v	9.6	9.2	8.8	7.1	16.3	17.6	10.0	
8440  	целостный	целостный	a	9.6	0.0	0.9	1.0	1.5	4.4	6.8	
8441  	цельный	цельный	a	9.6	7.1	4.6	6.9	11.9	11.0	10.2	
8442  	четыреста	четыреста	num	9.6	20.0	12.5	11.0	10.4	11.0	7.4	
8443  	шарф	шарф	s	9.6	12.1	12.0	18.7	16.3	9.9	6.5	
8444  	шашка	шашка	s	9.6	13.5	11.6	20.8	5.9	9.2	5.1	
8445  	язва	язва	s	9.6	8.9	14.4	8.2	8.9	11.7	10.7	
8446  	балтийский	балтийский	a	9.5	2.1	5.6	4.1	10.4	12.1	14.8	
8447  	взрывной	взрывной	a	9.5	5.1	3.7	7.7	0.0	6.2	10.8	
8448  	вонючий	вонючий	a	9.5	11.2	14.6	23.8	7.4	5.1	3.9	
8449  	вписываться	вписываться	v	9.5	1.1	2.0	6.9	0.0	2.9	14.5	
8450  	всплыть	всплыть	v	9.5	9.2	10.9	17.3	4.5	7.7	8.0	
8451  	выставочный	выставочный	a	9.5	0.0	1.7	2.6	4.5	2.2	16.9	
8452  	геолог	геолог	s	9.5	30.5	14.8	4.8	17.8	18.7	9.0	
8453  	геометрия	геометрия	s	9.5	4.4	5.2	4.5	14.8	5.9	6.5	
8454  	гнилой	гнилой	a	9.5	12.1	16.6	17.9	14.8	8.1	5.6	
8455  	гнусный	гнусный	a	9.5	13.5	11.8	18.8	25.2	10.3	6.2	
8456  	дальневосточный	дальневосточный	a	9.5	1.4	2.7	1.5	13.3	7.0	13.4	
8457  	действенный	действенный	a	9.5	3.9	1.7	2.6	11.9	10.3	12.7	
8458  	детишки	детишки	s	9.5	7.4	16.1	12.0	1.5	4.4	10.0	
8459  	дочерний	дочерний	a	9.5	0.0	0.8	2.3	0.0	1.1	15.0	
8460  	запечатлеть	запечатлеть	v	9.5	7.1	4.7	7.9	17.8	14.3	12.0	
8461  	заподозрить	заподозрить	v	9.5	6.9	9.8	17.2	11.9	9.2	8.7	
8462  	избыточный	избыточный	a	9.5	1.6	0.0	2.7	0.0	2.6	14.1	
8463  	информировать	информировать	v	9.5	9.8	4.7	3.3	4.5	14.7	13.0	
8464  	конфигурация	конфигурация	s	9.5	0.7	2.3	1.7	0.0	1.8	9.1	
8465  	кромка	кромка	s	9.5	8.0	13.8	10.2	4.5	5.5	6.2	
8466  	лепесток	лепесток	s	9.5	6.0	10.4	12.4	11.9	5.9	7.8	
8467  	либерал	либерал	s	9.5	1.4	2.8	3.9	7.4	7.7	18.4	
8468  	массаж	массаж	s	9.5	2.8	2.4	6.5	0.0	4.0	11.9	
8469  	многообразие	многообразие	s	9.5	3.2	1.9	2.5	4.5	4.8	9.9	
8470  	морозный	морозный	a	9.5	27.8	14.8	12.8	23.7	10.6	6.7	
8471  	наказывать	наказывать	v	9.5	9.9	12.8	8.9	5.9	13.2	10.5	
8472  	напарник	напарник	s	9.5	9.2	15.2	18.2	0.0	8.1	6.3	
8473  	недопустимый	недопустимый	a	9.5	4.4	4.2	3.9	20.8	12.1	12.3	
8474  	неприличный	неприличный	a	9.5	10.5	11.5	15.1	10.4	8.8	8.7	
8475  	нет-нет	нет-нет	part	9.5	12.4	19.8	20.0	1.5	5.5	4.5	
8476  	неужто	неужто	part	9.5	15.4	24.4	16.8	5.9	3.7	4.8	
8477  	обаятельный	обаятельный	a	9.5	3.7	7.5	6.9	10.4	13.9	15.1	
8478  	обрадовать	обрадовать	v	9.5	19.3	17.9	11.3	13.3	12.8	7.5	
8479  	отвлечь	отвлечь	v	9.5	11.0	16.0	15.3	11.9	6.2	7.6	
8480  	поспать	поспать	v	9.5	19.5	16.0	16.0	5.9	10.3	4.7	
8481  	привод	привод	s	9.5	0.9	1.5	2.6	4.5	2.6	13.8	
8482  	прозвать	прозвать	v	9.5	13.1	14.4	10.9	26.7	13.6	10.0	
8483  	развивающийся	развивающийся	a	9.5	0.0	1.1	1.1	1.5	8.1	11.9	
8484  	разъяснить	разъяснить	v	9.5	14.4	11.5	7.5	8.9	9.2	10.0	
8485  	расслышать	расслышать	v	9.5	22.9	16.9	20.7	7.4	4.0	3.5	
8486  	рельеф	рельеф	s	9.5	2.7	2.7	3.1	1.5	4.4	6.4	
8487  	рудник	рудник	s	9.5	10.3	6.3	6.2	3.0	12.5	9.5	
8488  	самолюбие	самолюбие	s	9.5	14.5	15.3	11.2	17.8	16.1	8.7	
8489  	серьезность	серьезность	s	9.5	10.3	10.0	10.6	11.9	15.4	10.6	
8490  	сослаться	сослаться	v	9.5	5.5	4.2	7.7	8.9	12.5	13.0	
8491  	спираль	спираль	s	9.5	14.2	7.8	12.1	16.3	1.5	5.8	
8492  	срывать	срывать	v	9.5	17.6	13.9	13.3	4.5	11.4	7.9	
8493  	старание	старание	s	9.5	6.6	10.9	11.3	11.9	7.7	11.2	
8494  	ступня	ступня	s	9.5	13.3	13.3	20.0	10.4	6.2	5.1	
8495  	съемочный	съемочный	a	9.5	2.1	1.4	6.0	0.0	18.7	18.2	
8496  	только-только	только-только	adv	9.5	8.3	9.6	15.2	5.9	10.3	9.7	
8497  	урод	урод	s	9.5	4.8	4.5	19.8	4.5	3.3	7.3	
8498  	усомниться	усомниться	v	9.5	12.9	11.5	12.9	8.9	7.7	8.8	
8499  	фондовый	фондовый	a	9.5	0.0	0.0	0.7	0.0	0.7	16.3	
8500  	хлебный	хлебный	a	9.5	14.0	11.5	12.4	11.9	21.6	7.6	
8501  	чудак	чудак	s	9.5	30.1	17.0	8.7	25.2	23.5	7.5	
8502  	яхта	яхта	s	9.5	19.7	22.4	6.4	43.0	5.5	8.9	
8503  	беззвучно	беззвучно	adv	9.4	24.5	20.7	20.2	7.4	3.7	2.8	
8504  	богословский	богословский	a	9.4	0.7	0.9	1.5	1.5	2.2	12.4	
8505  	вестник	вестник	s	9.4	4.1	2.0	4.2	11.9	9.9	8.6	
8506  	взвесить	взвесить	v	9.4	10.5	8.4	8.3	3.0	9.5	9.0	
8507  	винт	винт	s	9.4	13.8	15.1	9.1	8.9	6.6	8.6	
8508  	вопить	вопить	v	9.4	11.3	15.3	20.2	5.9	4.8	5.1	
8509  	воровство	воровство	s	9.4	7.3	8.1	10.9	1.5	7.0	13.3	
8510  	въезд	въезд	s	9.4	4.4	5.2	6.9	3.0	6.6	13.7	
8511  	вывернуть	вывернуть	v	9.4	18.8	15.3	20.3	3.0	5.5	3.9	
8512  	выкрикивать	выкрикивать	v	9.4	12.8	24.2	14.9	11.9	9.9	6.3	
8513  	вылет	вылет	s	9.4	4.8	12.9	6.1	1.5	3.7	13.5	
8514  	выплачивать	выплачивать	v	9.4	2.5	1.8	4.5	3.0	6.6	14.6	
8515  	выскакивать	выскакивать	v	9.4	21.1	18.2	14.1	4.5	15.0	5.9	
8516  	глубь	глубь	s	9.4	14.0	16.4	14.5	16.3	14.3	5.5	
8517  	грабить	грабить	v	9.4	11.2	11.0	13.1	4.5	10.6	9.8	
8518  	двойка	двойка	s	9.4	18.6	15.9	9.9	14.8	5.1	8.1	
8519  	задержание	задержание	s	9.4	1.2	6.8	6.1	0.0	1.5	12.5	
8520  	иголка	иголка	s	9.4	19.7	17.4	15.2	7.4	7.0	5.4	
8521  	иммунный	иммунный	a	9.4	0.0	0.0	0.0	0.0	0.7	4.2	
8522  	интеллектуал	интеллектуал	s	9.4	1.1	4.9	5.0	0.0	2.9	16.6	
8523  	карета	карета	s	9.4	6.9	18.5	19.0	16.3	13.2	5.3	
8524  	каяться	каяться	v	9.4	9.0	12.5	10.3	10.4	7.3	6.8	
8525  	колокольчик	колокольчик	s	9.4	12.8	18.0	14.7	5.9	4.0	6.8	
8526  	корма	корма	s	9.4	28.2	24.3	11.2	10.4	4.0	5.8	
8527  	корона	корона	s	9.4	24.6	6.3	9.2	7.4	10.3	9.4	
8528  	лиловый	лиловый	a	9.4	33.7	11.2	16.1	29.6	5.1	4.3	
8529  	липкий	липкий	a	9.4	13.8	13.8	22.7	4.5	2.6	3.4	
8530  	листать	листать	v	9.4	15.2	18.5	16.7	13.3	12.5	5.6	
8531  	методологический	методологический	a	9.4	0.0	0.5	0.0	0.0	0.7	3.2	
8532  	надобность	надобность	s	9.4	10.6	18.9	10.7	10.4	15.4	7.0	
8533  	негодование	негодование	s	9.4	14.9	10.0	11.7	28.2	15.0	9.0	
8534  	ненавистный	ненавистный	a	9.4	9.9	14.1	13.2	19.3	7.3	8.9	
8535  	опереться	опереться	v	9.4	22.7	18.2	14.6	8.9	8.4	5.4	
8536  	опоздание	опоздание	s	9.4	7.8	12.4	10.0	10.4	13.6	10.9	
8537  	очищать	очищать	v	9.4	7.3	6.7	4.7	4.5	9.2	10.6	
8538  	передел	передел	s	9.4	0.0	0.0	2.4	1.5	0.0	19.6	
8539  	подтверждаться	подтверждаться	v	9.4	2.3	2.4	2.8	5.9	5.5	9.0	
8540  	потрогать	потрогать	v	9.4	20.7	18.4	19.4	10.4	2.9	3.6	
8541  	правдивый	правдивый	a	9.4	10.5	6.8	6.2	14.8	18.0	11.4	
8542  	прилично	прилично	adv	9.4	9.8	11.1	13.2	5.9	8.1	9.7	
8543  	приучить	приучить	v	9.4	8.9	11.6	9.3	7.4	15.4	9.1	
8544  	простейший	простейший	a	9.4	3.0	4.5	5.6	11.9	8.1	8.6	
8545  	псевдоним	псевдоним	s	9.4	3.4	6.9	9.0	8.9	15.8	13.6	
8546  	пульс	пульс	s	9.4	12.1	11.0	12.4	5.9	7.0	9.3	
8547  	распределить	распределить	v	9.4	3.4	3.8	4.4	11.9	10.3	11.8	
8548  	распустить	распустить	v	9.4	14.5	17.4	14.2	5.9	10.6	7.2	
8549  	регистрировать	регистрировать	v	9.4	1.8	2.9	2.4	1.5	3.7	9.1	
8550  	рявкнуть	рявкнуть	v	9.4	14.7	14.4	27.0	1.5	4.0	1.6	
8551  	сидение	сидение	s	9.4	8.5	11.0	10.0	8.9	13.2	10.8	
8552  	скверный	скверный	a	9.4	17.9	13.3	12.9	17.8	11.0	7.4	
8553  	содержательный	содержательный	a	9.4	1.1	1.8	2.0	7.4	9.9	10.7	
8554  	сочный	сочный	a	9.4	14.4	10.5	11.1	11.9	12.5	8.3	
8555  	спад	спад	s	9.4	2.5	2.0	1.6	0.0	6.6	15.6	
8556  	стабилизация	стабилизация	s	9.4	0.0	0.0	0.6	0.0	2.2	14.0	
8557  	степной	степной	a	9.4	19.9	11.1	11.9	10.4	23.5	5.4	
8558  	страховка	страховка	s	9.4	2.1	4.2	8.7	1.5	5.5	13.6	
8559  	сэкономить	сэкономить	v	9.4	2.8	3.7	5.5	11.9	8.1	15.4	
8560  	тапочка	тапочка	s	9.4	12.8	16.6	19.0	0.0	4.8	5.4	
8561  	теперешний	теперешний	a	9.4	9.2	12.9	9.7	23.7	11.4	9.9	
8562  	терапия	терапия	s	9.4	0.9	1.0	4.2	1.5	0.7	8.3	
8563  	туда-сюда	туда-сюда	advpro	9.4	8.7	15.7	21.0	1.5	1.5	5.0	
8564  	угостить	угостить	v	9.4	14.0	16.6	16.8	7.4	10.3	6.0	
8565  	украинец	украинец	s	9.4	2.3	10.2	5.0	4.5	19.8	14.9	
8566  	ухватиться	ухватиться	v	9.4	23.9	17.1	18.1	7.4	11.0	3.9	
8567  	хищник	хищник	s	9.4	12.9	6.7	10.5	11.9	7.3	11.1	
8568  	цыпочки	цыпочки	s	9.4	22.5	18.8	20.2	11.9	4.8	3.1	
8569  	чек	чек	s	9.4	4.8	6.1	10.5	1.5	8.4	9.9	
8570  	шишка	шишка	s	9.4	18.6	15.2	13.3	0.0	5.1	6.0	
8571  	энергично	энергично	adv	9.4	19.5	11.9	12.2	14.8	15.0	7.6	
8572  	акула	акула	s	9.3	9.0	28.3	9.3	26.7	2.6	8.6	
8573  	благосостояние	благосостояние	s	9.3	1.4	1.3	3.6	26.7	4.0	14.9	
8574  	ведомость	ведомость	s	9.3	12.4	8.2	4.8	7.4	6.2	10.5	
8575  	веровать	веровать	v	9.3	2.7	12.9	7.5	7.4	9.5	7.8	
8576  	вздумать	вздумать	v	9.3	15.2	15.6	18.4	10.4	11.0	4.9	
8577  	второе	второе	s	9.3	6.6	6.1	7.9	37.1	6.2	10.0	
8578  	выдавить	выдавить	v	9.3	13.3	13.4	19.9	1.5	6.2	5.6	
8579  	вычисление	вычисление	s	9.3	4.1	2.2	2.0	1.5	2.2	3.1	
8580  	геометрический	геометрический	a	9.3	2.5	1.3	3.1	10.4	3.7	6.3	
8581  	грош	грош	s	9.3	16.8	11.6	14.5	8.9	13.6	7.2	
8582  	детальный	детальный	a	9.3	1.2	0.9	1.0	3.0	1.8	8.9	
8583  	дуэт	дуэт	s	9.3	1.2	2.4	4.2	11.9	4.8	19.4	
8584  	жизнедеятельность	жизнедеятельность	s	9.3	1.6	1.4	1.5	4.5	4.8	7.8	
8585  	задевать	задевать	v	9.3	13.7	14.7	12.2	11.9	13.2	7.8	
8586  	заморозить	заморозить	v	9.3	4.4	2.9	6.8	3.0	5.5	12.8	
8587  	избрание	избрание	s	9.3	0.5	1.0	1.4	3.0	13.6	14.5	
8588  	караул	караул	s	9.3	7.8	16.0	13.0	10.4	6.2	6.9	
8589  	корабельный	корабельный	a	9.3	5.5	7.2	5.7	1.5	5.1	8.0	
8590  	лабиринт	лабиринт	s	9.3	7.3	8.8	15.1	10.4	4.8	7.7	
8591  	нарушитель	нарушитель	s	9.3	6.6	4.2	4.8	1.5	7.3	13.7	
8592  	небытие	небытие	s	9.3	5.7	7.0	13.2	1.5	5.1	8.7	
8593  	недвижимый	недвижимый	a	9.3	4.2	4.5	2.9	3.0	4.8	4.9	
8594  	необычайный	необычайный	a	9.3	20.6	10.0	7.7	35.6	23.9	8.2	
8595  	обвести	обвести	v	9.3	21.1	18.2	19.3	8.9	2.6	3.5	
8596  	одобрять	одобрять	v	9.3	9.2	13.9	10.8	20.8	14.7	9.4	
8597  	освобождаться	освобождаться	v	9.3	6.2	6.1	6.3	10.4	11.7	9.0	
8598  	осложнение	осложнение	s	9.3	4.6	4.3	5.8	7.4	8.8	11.8	
8599  	отомстить	отомстить	v	9.3	9.2	8.1	19.5	7.4	5.1	6.9	
8600  	отправка	отправка	s	9.3	7.3	5.1	5.2	8.9	21.3	11.3	
8601  	отсек	отсек	s	9.3	5.8	6.8	7.5	1.5	7.0	11.4	
8602  	пень	пень	s	9.3	31.6	15.6	11.3	5.9	8.4	5.2	
8603  	перевернуться	перевернуться	v	9.3	18.4	14.4	17.1	10.4	4.8	5.8	
8604  	переписать	переписать	v	9.3	8.0	10.2	9.8	5.9	9.2	10.5	
8605  	поблескивать	поблескивать	v	9.3	29.9	19.6	17.0	10.4	3.3	3.5	
8606  	поговорка	поговорка	s	9.3	9.4	9.5	8.3	8.9	15.0	10.8	
8607  	посыпаться	посыпаться	v	9.3	22.0	15.2	15.8	3.0	7.0	5.9	
8608  	потный	потный	a	9.3	29.4	21.5	18.2	8.9	5.5	2.7	
8609  	прикоснуться	прикоснуться	v	9.3	14.2	12.2	16.0	10.4	8.8	6.2	
8610  	прицел	прицел	s	9.3	16.7	9.6	11.7	1.5	4.0	9.6	
8611  	пришелец	пришелец	s	9.3	12.9	29.5	10.9	4.5	10.6	6.6	
8612  	приют	приют	s	9.3	9.6	5.0	7.6	10.4	15.0	11.5	
8613  	прощальный	прощальный	a	9.3	9.6	12.3	12.7	19.3	11.4	10.0	
8614  	психиатр	психиатр	s	9.3	4.8	4.9	16.0	1.5	2.6	8.2	
8615  	равнина	равнина	s	9.3	25.5	9.5	9.3	8.9	27.1	5.6	
8616  	различить	различить	v	9.3	18.1	16.5	15.0	20.8	5.5	4.4	
8617  	расправа	расправа	s	9.3	8.5	6.3	8.8	11.9	36.0	11.3	
8618  	расхохотаться	расхохотаться	v	9.3	25.0	13.9	21.5	13.3	6.6	2.7	
8619  	рыбалка	рыбалка	s	9.3	11.5	9.3	11.9	4.5	7.3	11.4	
8620  	свита	свита	s	9.3	6.9	12.4	9.1	8.9	8.8	8.0	
8621  	слесарь	слесарь	s	9.3	21.3	14.3	10.4	26.7	17.2	7.9	
8622  	смоленский	смоленский	a	9.3	1.8	4.2	4.3	11.9	11.0	15.0	
8623  	соавтор	соавтор	s	9.3	5.1	6.9	3.0	3.0	2.2	11.4	
8624  	стричь	стричь	v	9.3	12.9	10.5	15.1	5.9	11.4	6.3	
8625  	торжествовать	торжествовать	v	9.3	18.6	14.7	11.0	8.9	12.8	7.3	
8626  	тренироваться	тренироваться	v	9.3	5.7	4.9	6.2	5.9	7.7	15.0	
8627  	триумф	триумф	s	9.3	2.3	4.7	5.9	11.9	7.3	15.6	
8628  	удостоить	удостоить	v	9.3	3.7	4.0	4.8	11.9	10.6	15.0	
8629  	хлопотать	хлопотать	v	9.3	20.0	19.1	12.5	14.8	16.5	6.6	
8630  	хранитель	хранитель	s	9.3	12.2	7.3	6.8	8.9	11.4	8.6	
8631  	экстремальный	экстремальный	a	9.3	0.5	1.7	3.5	0.0	7.3	14.4	
8632  	электромагнитный	электромагнитный	a	9.3	4.6	1.1	1.1	0.0	1.1	4.4	
8633  	алтарь	алтарь	s	9.2	4.1	4.3	9.7	8.9	7.7	7.4	
8634  	антисемитизм	антисемитизм	s	9.2	5.8	3.6	3.8	0.0	4.0	17.3	
8635  	большевистский	большевистский	a	9.2	6.4	7.7	6.8	47.4	17.6	12.7	
8636  	бушевать	бушевать	v	9.2	11.7	16.5	11.8	10.4	16.9	8.2	
8637  	вежливость	вежливость	s	9.2	15.2	14.8	13.1	8.9	26.1	6.5	
8638  	великолепно	великолепно	adv	9.2	10.8	7.7	10.0	16.3	14.7	10.4	
8639  	вставлять	вставлять	v	9.2	6.9	12.4	11.9	8.9	9.5	8.4	
8640  	второстепенный	второстепенный	a	9.2	4.8	7.8	5.8	22.2	15.4	10.1	
8641  	гендиректор	гендиректор	s	9.2	0.0	0.0	0.0	0.0	0.0	23.8	
8642  	донской	донской	a	9.2	4.2	5.6	6.0	13.3	16.9	10.5	
8643  	журналистский	журналистский	a	9.2	0.0	1.8	7.5	4.5	6.6	17.7	
8644  	зажигать	зажигать	v	9.2	21.8	15.3	11.8	8.9	9.2	6.1	
8645  	измерять	измерять	v	9.2	6.4	3.6	3.8	1.5	7.3	6.5	
8646  	ипотечный	ипотечный	a	9.2	0.0	0.0	0.0	0.0	0.0	21.6	
8647  	испугать	испугать	v	9.2	18.4	16.1	15.1	4.5	7.7	5.9	
8648  	колоть	колоть	v	9.2	15.1	17.9	13.5	13.3	6.6	6.1	
8649  	конструкторский	конструкторский	a	9.2	7.3	1.5	1.6	4.5	8.4	12.3	
8650  	костыль	костыль	s	9.2	15.9	23.7	14.1	14.8	2.9	6.1	
8651  	кража	кража	s	9.2	7.6	6.9	8.5	3.0	6.2	13.1	
8652  	красоваться	красоваться	v	9.2	6.4	9.6	15.2	3.0	10.6	9.4	
8653  	ландшафтный	ландшафтный	a	9.2	0.0	0.0	0.0	0.0	0.0	7.6	
8654  	лилия	лилия	s	9.2	7.4	7.9	13.3	5.9	3.3	7.5	
8655  	миля	миля	s	9.2	17.2	8.2	8.4	13.3	20.5	10.0	
8656  	минерал	минерал	s	9.2	5.8	2.2	1.6	0.0	7.3	3.9	
8657  	молить	молить	v	9.2	12.6	11.9	13.1	5.9	7.3	5.5	
8658  	наследственный	наследственный	a	9.2	7.1	4.7	8.8	4.5	8.4	4.8	
8659  	няня	няня	s	9.2	3.0	11.2	7.3	126.0	13.9	9.8	
8660  	обеденный	обеденный	a	9.2	15.1	13.6	12.1	11.9	18.3	7.8	
8661  	облегчать	облегчать	v	9.2	6.6	7.7	4.3	13.3	11.0	10.0	
8662  	однозначный	однозначный	a	9.2	0.9	2.3	2.4	0.0	3.3	12.2	
8663  	осведомиться	осведомиться	v	9.2	48.4	16.2	15.3	3.0	4.0	2.6	
8664  	отчего-то	отчего-то	advpro	9.2	11.7	15.7	22.0	0.0	5.9	4.3	
8665  	охранный	охранный	a	9.2	5.5	3.3	8.3	11.9	4.4	13.2	
8666  	пахать	пахать	v	9.2	10.1	12.9	14.8	5.9	12.8	7.8	
8667  	пепельница	пепельница	s	9.2	15.4	11.9	23.3	3.0	2.6	3.3	
8668  	перемениться	перемениться	v	9.2	16.5	20.5	14.2	20.8	12.1	5.1	
8669  	пила	пила	s	9.2	19.5	11.9	10.4	13.3	10.3	6.5	
8670  	питательный	питательный	a	9.2	3.5	2.7	2.9	7.4	9.5	8.1	
8671  	повидать	повидать	v	9.2	17.4	17.1	12.1	29.6	19.1	7.2	
8672  	подготовительный	подготовительный	a	9.2	1.9	0.9	2.4	5.9	9.9	10.4	
8673  	подталкивать	подталкивать	v	9.2	11.3	16.4	11.7	7.4	7.7	8.8	
8674  	полвека	полвека	s	9.2	2.7	4.0	4.7	20.8	20.5	14.4	
8675  	положительно	положительно	adv	9.2	3.4	4.7	3.9	10.4	6.2	11.8	
8676  	порадовать	порадовать	v	9.2	6.0	4.9	6.8	5.9	7.7	14.2	
8677  	похлопать	похлопать	v	9.2	21.8	19.7	20.6	5.9	5.1	2.4	
8678  	представительный	представительный	a	9.2	3.4	4.0	3.7	3.0	8.1	12.4	
8679  	прикрепить	прикрепить	v	9.2	15.6	10.0	9.1	10.4	12.5	8.5	
8680  	пролетарский	пролетарский	a	9.2	6.9	6.8	10.1	54.9	21.3	8.7	
8681  	развязать	развязать	v	9.2	17.9	14.6	13.2	11.9	7.3	7.7	
8682  	разместиться	разместиться	v	9.2	6.2	6.3	6.8	19.3	15.4	12.9	
8683  	разочаровать	разочаровать	v	9.2	7.1	8.2	10.9	11.9	6.2	11.1	
8684  	реставрация	реставрация	s	9.2	1.4	1.8	3.1	4.5	6.2	12.7	
8685  	саммит	саммит	s	9.2	0.0	0.0	0.7	0.0	0.0	16.0	
8686  	свежесть	свежесть	s	9.2	11.7	13.7	11.9	19.3	10.3	7.9	
8687  	сворачивать	сворачивать	v	9.2	17.0	16.4	15.9	10.4	7.3	5.9	
8688  	сменяться	сменяться	v	9.2	10.6	5.0	7.7	4.5	16.5	9.3	
8689  	содействовать	содействовать	v	9.2	3.9	1.3	1.3	14.8	11.0	10.9	
8690  	сокращаться	сокращаться	v	9.2	4.1	3.1	2.9	5.9	5.1	12.8	
8691  	сохранность	сохранность	s	9.2	2.7	4.9	4.6	7.4	7.0	8.7	
8692  	социолог	социолог	s	9.2	1.2	2.0	1.7	7.4	12.1	14.0	
8693  	специализация	специализация	s	9.2	0.0	1.4	1.8	8.9	8.8	11.2	
8694  	спикер	спикер	s	9.2	0.0	0.0	6.5	0.0	1.1	19.6	
8695  	срыв	срыв	s	9.2	3.7	6.4	5.8	5.9	8.1	13.6	
8696  	стрелок	стрелок	s	9.2	6.9	17.5	11.6	3.0	8.1	9.8	
8697  	трепетать	трепетать	v	9.2	15.8	16.5	17.2	13.3	7.3	4.8	
8698  	умудриться	умудриться	v	9.2	3.4	8.1	13.6	4.5	5.5	11.1	
8699  	факел	факел	s	9.2	10.1	9.5	12.6	7.4	10.6	7.6	
8700  	фигурировать	фигурировать	v	9.2	1.1	2.6	5.6	10.4	5.5	13.7	
8701  	чума	чума	s	9.2	4.8	10.1	11.0	8.9	7.3	8.0	
8702  	шланг	шланг	s	9.2	13.5	6.7	12.0	4.5	3.3	6.5	
8703  	абсурд	абсурд	s	9.1	1.6	3.6	8.9	4.5	8.1	14.2	
8704  	арбуз	арбуз	s	9.1	27.5	6.8	12.4	14.8	4.8	8.2	
8705  	борщ	борщ	s	9.1	12.8	13.7	10.8	3.0	13.6	6.7	
8706  	вареный	вареный	a	9.1	8.0	10.6	9.9	1.5	8.1	6.6	
8707  	венок	венок	s	9.1	11.5	16.6	10.9	10.4	7.3	8.7	
8708  	возбуждать	возбуждать	v	9.1	7.4	6.3	10.5	20.8	7.3	7.3	
8709  	воронка	воронка	s	9.1	34.9	11.4	11.4	4.5	13.6	4.6	
8710  	вранье	вранье	s	9.1	8.5	12.3	15.4	4.5	4.8	7.8	
8711  	вселенский	вселенский	a	9.1	0.5	2.6	8.9	1.5	13.6	9.1	
8712  	вскакивать	вскакивать	v	9.1	26.4	17.3	15.2	4.5	9.2	4.7	
8713  	выявлять	выявлять	v	9.1	3.5	2.3	2.2	0.0	6.2	7.6	
8714  	гаснуть	гаснуть	v	9.1	23.0	14.4	13.3	16.3	8.8	5.8	
8715  	грянуть	грянуть	v	9.1	7.6	15.7	14.5	5.9	7.0	8.3	
8716  	дань	дань	s	9.1	4.2	5.1	9.9	10.4	14.3	11.7	
8717  	джентльмен	джентльмен	s	9.1	6.0	10.1	14.7	11.9	26.8	7.3	
8718  	диета	диета	s	9.1	4.4	4.0	5.8	5.9	4.8	12.2	
8719  	дразнить	дразнить	v	9.1	18.8	15.7	15.9	11.9	9.2	5.6	
8720  	жадность	жадность	s	9.1	12.1	15.2	12.9	3.0	10.3	6.8	
8721  	жила	жила	s	9.1	13.1	14.3	15.3	4.5	4.8	5.2	
8722  	журналистика	журналистика	s	9.1	1.4	2.0	4.3	11.9	7.7	18.3	
8723  	задохнуться	задохнуться	v	9.1	16.5	18.8	18.2	11.9	8.8	4.0	
8724  	идиотский	идиотский	a	9.1	10.1	15.2	18.0	3.0	4.8	5.7	
8725  	имение	имение	s	9.1	5.8	9.2	8.0	48.9	20.2	10.0	
8726  	испытуемый	испытуемый	s	9.1	1.2	0.0	0.0	0.0	7.7	2.5	
8727  	конный	конный	a	9.1	7.1	13.6	10.9	28.2	23.5	8.8	
8728  	корка	корка	s	9.1	17.7	13.4	12.3	10.4	13.2	6.7	
8729  	крюк	крюк	s	9.1	10.1	18.7	16.6	14.8	6.6	4.5	
8730  	лазерный	лазерный	a	9.1	0.0	0.6	2.4	0.0	1.8	11.4	
8731  	назло	назло	adv	9.1	15.4	12.9	14.3	3.0	5.9	7.6	
8732  	напевать	напевать	v	9.1	23.2	18.4	13.8	8.9	10.6	5.7	
8733  	несоответствие	несоответствие	s	9.1	4.1	3.3	3.4	0.0	3.3	9.0	
8734  	ниточка	ниточка	s	9.1	19.5	14.3	14.8	11.9	9.9	5.9	
8735  	новосибирский	новосибирский	a	9.1	1.1	2.6	0.9	10.4	8.1	16.8	
8736  	номинация	номинация	s	9.1	0.0	0.0	0.0	0.0	0.0	21.2	
8737  	общепринятый	общепринятый	a	9.1	1.2	2.4	4.3	11.9	11.0	9.4	
8738  	общероссийский	общероссийский	a	9.1	0.0	0.0	0.6	0.0	0.7	13.2	
8739  	обыкновение	обыкновение	s	9.1	10.5	15.7	14.7	10.4	10.6	6.7	
8740  	оконный	оконный	a	9.1	13.5	11.8	12.6	14.8	8.8	7.7	
8741  	описываться	описываться	v	9.1	1.9	2.2	1.8	3.0	6.2	6.7	
8742  	поглотить	поглотить	v	9.1	11.5	10.4	12.7	13.3	11.0	7.6	
8743  	подверженный	подверженный	a	9.1	2.3	4.1	3.8	11.9	11.0	11.2	
8744  	подтолкнуть	подтолкнуть	v	9.1	11.7	14.1	14.0	13.3	7.3	7.8	
8745  	покуда	покуда	conj	9.1	12.1	23.5	16.9	7.4	5.1	5.0	
8746  	помада	помада	s	9.1	4.1	10.9	14.5	5.9	1.8	6.9	
8747  	послушный	послушный	a	9.1	11.0	12.3	11.0	14.8	9.2	8.6	
8748  	протестовать	протестовать	v	9.1	9.9	10.7	7.1	26.7	20.5	11.2	
8749  	противоположность	противоположность	s	9.1	8.9	5.8	4.3	17.8	14.7	8.4	
8750  	прямо-таки	прямо-таки	adv	9.1	6.9	14.6	12.8	5.9	9.9	9.1	
8751  	рапорт	рапорт	s	9.1	18.6	17.8	8.3	4.5	7.3	8.0	
8752  	расписаться	расписаться	v	9.1	15.1	18.8	12.3	1.5	14.3	6.8	
8753  	растаять	растаять	v	9.1	19.3	20.5	14.2	4.5	3.3	5.3	
8754  	самосознание	самосознание	s	9.1	1.2	2.6	2.7	3.0	9.5	10.6	
8755  	свердловский	свердловский	a	9.1	0.9	1.0	1.3	3.0	7.3	18.8	
8756  	толковый	толковый	a	9.1	10.3	11.5	9.7	10.4	14.7	9.0	
8757  	топать	топать	v	9.1	22.3	22.0	16.0	7.4	4.8	4.0	
8758  	убежище	убежище	s	9.1	13.7	7.3	11.0	14.8	13.2	9.1	
8759  	углубление	углубление	s	9.1	5.0	3.2	4.4	8.9	6.6	7.2	
8760  	хлынуть	хлынуть	v	9.1	11.3	12.8	15.9	4.5	9.9	7.4	
8761  	цветочек	цветочек	s	9.1	10.1	15.2	14.3	7.4	5.5	7.1	
8762  	чемоданчик	чемоданчик	s	9.1	17.2	16.9	17.6	1.5	7.0	5.4	
8763  	блокировать	блокировать	v	9.0	1.2	2.3	3.6	0.0	5.5	13.5	
8764  	брызги	брызги	s	9.0	21.3	18.9	16.9	4.5	5.5	3.9	
8765  	быстренько	быстренько	adv	9.0	10.3	11.0	18.6	4.5	1.1	5.9	
8766  	включиться	включиться	v	9.0	7.3	8.1	9.8	13.3	13.2	10.8	
8767  	вытягивать	вытягивать	v	9.0	17.6	12.3	15.5	3.0	8.8	5.5	
8768  	гель	гель	s	9.0	0.0	0.0	1.4	1.5	0.0	5.9	
8769  	дополнять	дополнять	v	9.0	2.5	4.0	3.5	10.4	8.4	10.4	
8770  	дуэль	дуэль	s	9.0	4.6	16.5	12.0	19.3	7.7	9.1	
8771  	ион	ион	s	9.0	1.2	2.2	0.0	5.9	1.5	2.0	
8772  	ихний	ихний	apro	9.0	23.9	23.8	16.0	4.5	1.8	2.9	
8773  	канат	канат	s	9.0	19.7	6.9	6.7	26.7	9.5	6.2	
8774  	коалиция	коалиция	s	9.0	2.3	0.5	0.5	0.0	2.6	18.4	
8775  	котельная	котельная	s	9.0	4.6	3.8	6.7	0.0	2.6	13.2	
8776  	кратко	кратко	adv	9.0	4.2	10.6	7.5	3.0	13.6	8.4	
8777  	крылатый	крылатый	a	9.0	4.4	6.4	8.2	11.9	7.3	10.9	
8778  	написание	написание	s	9.0	0.7	1.7	3.8	14.8	6.2	12.8	
8779  	напрасный	напрасный	a	9.0	10.5	13.9	11.8	8.9	7.7	8.3	
8780  	недобрый	недобрый	a	9.0	24.5	17.9	11.2	7.4	7.3	7.0	
8781  	оберегать	оберегать	v	9.0	6.6	13.1	9.8	17.8	14.3	9.2	
8782  	обмениваться	обмениваться	v	9.0	6.9	7.0	8.2	7.4	15.4	10.2	
8783  	объявиться	объявиться	v	9.0	7.6	15.2	19.7	10.4	3.3	5.5	
8784  	опухоль	опухоль	s	9.0	5.1	2.7	4.9	10.4	2.6	9.6	
8785  	переодеться	переодеться	v	9.0	14.2	11.0	18.8	4.5	9.2	5.6	
8786  	преподнести	преподнести	v	9.0	6.9	8.3	8.1	10.4	11.4	12.9	
8787  	присоединение	присоединение	s	9.0	0.0	0.8	1.1	0.0	3.7	10.4	
8788  	разразиться	разразиться	v	9.0	10.1	7.4	9.2	17.8	11.7	12.0	
8789  	раскол	раскол	s	9.0	0.9	0.0	4.0	14.8	7.3	15.9	
8790  	расстроить	расстроить	v	9.0	15.8	11.0	10.7	17.8	8.8	9.2	
8791  	рубин	рубин	s	9.0	70.0	2.8	3.7	3.0	2.9	6.3	
8792  	святыня	святыня	s	9.0	0.9	4.0	5.0	8.9	8.8	11.5	
8793  	сметана	сметана	s	9.0	10.5	5.0	10.8	3.0	16.1	6.9	
8794  	телохранитель	телохранитель	s	9.0	2.5	1.3	24.6	3.0	1.5	7.0	
8795  	улучшать	улучшать	v	9.0	0.7	2.4	1.9	8.9	7.3	13.0	
8796  	уместный	уместный	a	9.0	1.1	4.6	6.5	7.4	7.3	12.9	
8797  	храбрый	храбрый	a	9.0	21.3	16.1	13.3	7.4	14.3	5.9	
8798  	чешский	чешский	a	9.0	3.2	3.3	6.8	11.9	10.3	13.7	
8799  	шерстяной	шерстяной	a	9.0	17.0	14.4	12.9	8.9	11.0	6.7	
8800  	автономия	автономия	s	8.9	0.7	1.0	1.0	0.0	6.2	17.0	
8801  	антисоветский	антисоветский	a	8.9	3.2	12.0	5.1	19.3	22.0	12.5	
8802  	архангельский	архангельский	a	8.9	1.8	5.1	3.2	17.8	13.9	15.6	
8803  	баран	баран	s	8.9	10.6	12.3	17.2	1.5	5.5	5.1	
8804  	белеть	белеть	v	8.9	29.9	20.1	15.7	8.9	8.1	2.7	
8805  	брачный	брачный	a	8.9	1.9	3.1	10.3	4.5	2.9	7.3	
8806  	влететь	влететь	v	8.9	13.1	19.4	17.0	7.4	3.3	5.5	
8807  	внедрить	внедрить	v	8.9	1.9	1.1	3.3	10.4	11.4	12.6	
8808  	воистину	воистину	adv	8.9	2.8	8.3	10.1	7.4	8.4	9.8	
8809  	выплатить	выплатить	v	8.9	2.7	2.0	5.2	4.5	4.4	14.1	
8810  	годовщина	годовщина	s	8.9	3.2	5.6	5.5	87.5	11.4	12.8	
8811  	гостья	гостья	s	8.9	15.2	13.7	18.4	7.4	6.6	4.7	
8812  	грозно	грозно	adv	8.9	22.3	15.2	18.2	3.0	5.1	4.1	
8813  	дерзкий	дерзкий	a	8.9	9.9	11.1	10.9	13.3	16.9	9.4	
8814  	дифференциация	дифференциация	s	8.9	0.0	0.0	0.0	1.5	0.0	4.4	
8815  	единомышленник	единомышленник	s	8.9	3.9	4.5	3.9	7.4	13.6	15.3	
8816  	жид	жид	s	8.9	3.0	10.6	11.9	17.8	5.5	11.9	
8817  	закинуть	закинуть	v	8.9	24.8	13.4	19.6	1.5	5.5	2.9	
8818  	измерить	измерить	v	8.9	7.4	5.4	4.0	1.5	5.9	6.2	
8819  	калининградский	калининградский	a	8.9	0.0	0.0	0.8	3.0	0.7	16.5	
8820  	кон	кон	s	8.9	7.8	10.7	11.9	3.0	9.5	8.4	
8821  	контингент	контингент	s	8.9	4.2	0.8	4.6	0.0	5.1	15.1	
8822  	мебельный	мебельный	a	8.9	2.3	5.5	4.9	0.0	6.6	16.6	
8823  	мерзавец	мерзавец	s	8.9	14.0	15.5	18.5	8.9	9.9	4.8	
8824  	монстр	монстр	s	8.9	1.8	3.8	9.7	1.5	0.0	13.0	
8825  	мох	мох	s	8.9	22.9	13.6	13.2	8.9	7.3	4.4	
8826  	наведение	наведение	s	8.9	2.7	2.2	2.6	5.9	2.9	13.0	
8827  	налететь	налететь	v	8.9	21.8	16.5	18.2	0.0	5.5	3.4	
8828  	наличный	наличный	a	8.9	3.0	2.3	3.7	0.0	3.3	12.0	
8829  	насторожиться	насторожиться	v	8.9	16.7	22.0	19.4	5.9	7.3	2.7	
8830  	неотъемлемый	неотъемлемый	a	8.9	1.8	1.9	2.3	1.5	5.9	11.0	
8831  	непонимание	непонимание	s	8.9	7.1	6.7	7.2	11.9	16.1	9.9	
8832  	открытость	открытость	s	8.9	1.9	1.9	3.2	5.9	6.2	12.2	
8833  	отсчет	отсчет	s	8.9	1.4	4.6	4.3	0.0	6.6	8.1	
8834  	пазуха	пазуха	s	8.9	13.1	18.9	15.9	0.0	5.5	4.1	
8835  	полезно	полезно	adv	8.9	6.4	9.5	4.8	10.4	14.3	9.9	
8836  	пословица	пословица	s	8.9	7.8	6.8	6.1	7.4	15.0	10.8	
8837  	потеряться	потеряться	v	8.9	11.3	12.5	15.3	3.0	3.3	6.6	
8838  	приезжий	приезжий	s	8.9	18.4	13.8	13.2	3.0	13.9	6.8	
8839  	пристать	пристать	v	8.9	17.9	18.7	14.7	8.9	5.9	5.0	
8840  	пристроить	пристроить	v	8.9	6.9	11.0	17.9	7.4	7.3	6.8	
8841  	прутик	прутик	s	8.9	22.3	20.1	21.9	0.0	1.8	1.0	
8842  	пузырек	пузырек	s	8.9	14.4	12.4	13.7	3.0	3.3	4.8	
8843  	растительность	растительность	s	8.9	6.9	3.7	4.5	4.5	3.7	5.3	
8844  	ребеночек	ребеночек	s	8.9	5.8	10.4	13.2	4.5	1.5	4.8	
8845  	революционер	революционер	s	8.9	8.0	5.8	5.6	48.9	28.6	12.1	
8846  	санкт-петербургский	санкт-петербургский	a	8.9	0.3	0.8	1.0	1.5	0.7	15.5	
8847  	сени	сени	s	8.9	25.0	37.7	11.8	1.5	5.1	2.4	
8848  	спереди	спереди	adv	8.9	12.4	7.5	9.6	1.5	2.6	6.2	
8849  	спиртное	спиртное	s	8.9	3.0	6.4	13.1	4.5	5.1	10.9	
8850  	сплетня	сплетня	s	8.9	6.7	7.4	11.3	40.0	11.7	10.4	
8851  	сыпаться	сыпаться	v	8.9	18.4	15.5	14.2	8.9	6.2	6.2	
8852  	таксист	таксист	s	8.9	1.6	7.3	19.8	3.0	3.3	8.1	
8853  	туризм	туризм	s	8.9	0.5	1.8	1.7	0.0	11.0	16.7	
8854  	упорство	упорство	s	8.9	11.7	12.7	9.7	10.4	13.2	9.6	
8855  	фойе	фойе	s	8.9	11.0	8.3	8.1	17.8	12.5	12.6	
8856  	холст	холст	s	8.9	7.6	9.6	15.3	41.5	6.6	7.0	
8857  	худенький	худенький	a	8.9	22.1	16.6	13.2	13.3	13.2	5.0	
8858  	шнур	шнур	s	8.9	16.5	14.6	13.0	5.9	4.4	3.6	
8859  	щелкать	щелкать	v	8.9	20.9	13.8	16.6	8.9	9.5	4.1	
8860  	бдительность	бдительность	s	8.8	11.3	13.8	9.4	16.3	12.8	9.7	
8861  	берлинский	берлинский	a	8.8	8.2	5.5	4.7	19.3	20.9	13.2	
8862  	болгарский	болгарский	a	8.8	1.4	16.0	5.0	46.0	11.4	9.6	
8863  	буквальный	буквальный	a	8.8	2.7	2.0	6.3	11.9	15.0	11.2	
8864  	валовой	валовой	a	8.8	0.0	0.0	0.0	19.3	4.0	9.3	
8865  	вешалка	вешалка	s	8.8	17.0	15.6	17.8	7.4	5.9	4.2	
8866  	визжать	визжать	v	8.8	15.2	15.7	20.4	3.0	8.4	3.1	
8867  	водоросль	водоросль	s	8.8	9.2	25.6	10.2	7.4	6.6	5.8	
8868  	выдернуть	выдернуть	v	8.8	10.1	15.2	20.8	1.5	2.2	4.0	
8869  	выпускаться	выпускаться	v	8.8	0.0	0.9	1.2	7.4	7.3	13.9	
8870  	грузчик	грузчик	s	8.8	22.7	10.0	15.0	7.4	8.8	5.3	
8871  	дворик	дворик	s	8.8	5.7	12.2	14.9	8.9	10.3	7.3	
8872  	дико	дико	adv	8.8	14.7	11.4	17.4	4.5	8.4	4.6	
8873  	драгоценность	драгоценность	s	8.8	7.4	7.7	14.1	20.8	8.8	8.5	
8874  	духовенство	духовенство	s	8.8	0.7	0.9	1.3	5.9	12.5	14.3	
8875  	жарить	жарить	v	8.8	14.9	13.3	13.4	7.4	9.2	6.5	
8876  	жопа	жопа	s	8.8	0.5	10.7	26.8	0.0	0.0	2.2	
8877  	загорелый	загорелый	a	8.8	23.6	15.3	15.9	17.8	4.4	4.6	
8878  	здорово	здорово	intj	8.8	24.3	18.4	15.2	7.4	2.9	2.9	
8879  	злоупотребление	злоупотребление	s	8.8	1.2	3.3	3.2	3.0	16.9	13.3	
8880  	изгнать	изгнать	v	8.8	5.0	7.0	9.9	13.3	10.6	10.1	
8881  	изумиться	изумиться	v	8.8	10.5	16.6	21.3	0.0	1.1	3.7	
8882  	капелька	капелька	s	8.8	18.6	18.9	15.2	1.5	5.9	3.4	
8883  	кашель	кашель	s	8.8	12.2	14.6	13.3	1.5	8.8	6.3	
8884  	колея	колея	s	8.8	10.3	8.7	13.0	11.9	11.7	8.6	
8885  	лом	лом	s	8.8	10.5	16.0	8.7	1.5	7.0	8.2	
8886  	ломаться	ломаться	v	8.8	11.9	10.2	12.6	5.9	9.5	7.4	
8887  	мафия	мафия	s	8.8	0.0	3.3	12.6	0.0	8.8	13.3	
8888  	мертвец	мертвец	s	8.8	14.2	8.4	21.1	13.3	5.5	3.3	
8889  	морковь	морковь	s	8.8	2.8	2.8	5.2	4.5	17.2	10.2	
8890  	навязывать	навязывать	v	8.8	3.4	6.8	5.7	3.0	12.1	12.5	
8891  	недалекий	недалекий	a	8.8	9.6	10.2	9.4	11.9	9.9	10.3	
8892  	неловкость	неловкость	s	8.8	15.8	18.4	14.8	4.5	12.1	5.4	
8893  	неофициальный	неофициальный	a	8.8	0.7	2.7	3.4	7.4	5.1	16.2	
8894  	непременный	непременный	a	8.8	3.2	4.7	7.5	16.3	11.4	11.4	
8895  	низший	низший	a	8.8	11.2	4.3	3.8	5.9	13.2	8.6	
8896  	обострение	обострение	s	8.8	0.0	3.2	2.3	1.5	4.4	13.8	
8897  	одаренный	одаренный	a	8.8	3.5	4.6	4.8	13.3	15.4	11.2	
8898  	одержать	одержать	v	8.8	4.1	3.1	3.6	26.7	13.6	15.2	
8899  	одиннадцатый	одиннадцатый	anum	8.8	14.2	13.9	10.6	7.4	9.9	6.1	
8900  	опережать	опережать	v	8.8	4.4	5.2	5.8	4.5	15.4	11.7	
8901  	опровергнуть	опровергнуть	v	8.8	4.6	4.2	5.0	4.5	11.7	12.6	
8902  	отчетливый	отчетливый	a	8.8	7.4	12.0	11.3	5.9	10.6	6.3	
8903  	пограничник	пограничник	s	8.8	13.1	6.1	7.0	1.5	6.6	13.9	
8904  	подавление	подавление	s	8.8	4.8	1.8	2.5	3.0	12.8	8.3	
8905  	подсистема	подсистема	s	8.8	0.0	0.0	0.0	0.0	0.0	1.8	
8906  	понестись	понестись	v	8.8	17.9	16.2	18.6	3.0	1.5	4.0	
8907  	празднование	празднование	s	8.8	2.1	1.3	1.6	4.5	6.6	16.1	
8908  	пред	пред	pr	8.8	3.0	8.2	9.2	11.9	8.4	7.9	
8909  	престиж	престиж	s	8.8	4.4	2.7	3.3	7.4	19.8	14.4	
8910  	прославить	прославить	v	8.8	5.7	10.4	4.5	10.4	12.5	11.5	
8911  	раскачиваться	раскачиваться	v	8.8	19.7	13.7	17.6	8.9	4.4	4.4	
8912  	раскрытие	раскрытие	s	8.8	4.2	0.8	2.9	10.4	9.2	8.9	
8913  	рация	рация	s	8.8	15.4	21.4	14.8	3.0	2.9	5.8	
8914  	регламентировать	регламентировать	v	8.8	0.5	0.8	1.0	1.5	2.2	10.5	
8915  	редакционный	редакционный	a	8.8	2.7	4.3	8.6	29.6	9.9	13.0	
8916  	роса	роса	s	8.8	21.8	15.5	11.8	11.9	5.9	5.6	
8917  	самодельный	самодельный	a	8.8	11.9	16.5	10.1	8.9	11.4	9.0	
8918  	сборный	сборный	a	8.8	3.2	2.9	1.6	10.4	15.8	16.8	
8919  	сверкнуть	сверкнуть	v	8.8	21.3	17.6	19.4	4.5	5.9	2.5	
8920  	свистеть	свистеть	v	8.8	24.6	16.2	14.7	14.8	12.1	4.0	
8921  	северо-западный	северо-западный	a	8.8	6.2	2.4	1.3	5.9	7.0	12.5	
8922  	совместить	совместить	v	8.8	2.1	3.3	5.4	3.0	5.9	12.1	
8923  	суверенитет	суверенитет	s	8.8	0.7	0.0	1.2	1.5	1.1	16.5	
8924  	счетный	счетный	a	8.8	3.9	1.5	1.8	8.9	4.4	15.7	
8925  	теорема	теорема	s	8.8	0.7	3.6	2.7	0.0	0.0	2.9	
8926  	тоскливо	тоскливо	adv	8.8	25.7	16.5	15.3	7.4	10.6	3.6	
8927  	удивленный	удивленный	a	8.8	15.8	12.5	16.7	5.9	8.8	5.7	
8928  	удочка	удочка	s	8.8	20.9	16.6	11.5	19.3	13.2	6.5	
8929  	улочка	улочка	s	8.8	9.6	10.4	17.7	5.9	10.3	6.7	
8930  	усмехаться	усмехаться	v	8.8	31.9	21.1	15.9	3.0	4.8	2.7	
8931  	фольклор	фольклор	s	8.8	1.8	5.1	4.2	7.4	8.1	12.4	
8932  	хорошенько	хорошенько	adv	8.8	15.9	14.4	12.9	8.9	6.6	6.6	
8933  	ярославский	ярославский	a	8.8	1.2	2.3	2.8	5.9	12.8	15.8	
8934  	агитация	агитация	s	8.7	5.0	5.8	4.0	23.7	19.1	13.9	
8935  	афганский	афганский	a	8.7	0.0	1.3	6.6	0.0	4.4	14.8	
8936  	бесценный	бесценный	a	8.7	5.3	9.8	9.0	8.9	10.3	10.8	
8937  	будни	будни	s	8.7	5.3	5.8	6.8	13.3	16.1	12.6	
8938  	бурый	бурый	a	8.7	21.1	15.6	14.8	22.2	7.0	3.8	
8939  	быстрота	быстрота	s	8.7	19.5	10.9	7.0	16.3	15.4	7.1	
8940  	бюрократический	бюрократический	a	8.7	1.1	1.7	2.5	7.4	9.5	16.7	
8941  	воевода	воевода	s	8.7	0.0	20.3	24.4	0.0	1.8	1.9	
8942  	возлюбленная	возлюбленная	s	8.7	8.5	6.7	11.5	4.5	5.5	9.3	
8943  	вступительный	вступительный	a	8.7	1.9	4.5	4.7	14.8	9.9	11.9	
8944  	выписка	выписка	s	8.7	6.6	10.6	5.8	5.9	15.4	7.2	
8945  	делегат	делегат	s	8.7	2.5	2.2	3.1	35.6	40.7	13.2	
8946  	допрашивать	допрашивать	v	8.7	18.4	16.1	10.9	3.0	19.4	5.6	
8947  	забивать	забивать	v	8.7	7.8	10.6	11.1	5.9	8.8	8.1	
8948  	забиться	забиться	v	8.7	16.3	18.0	17.8	7.4	6.6	3.7	
8949  	зарезать	зарезать	v	8.7	9.8	11.1	17.1	3.0	7.0	6.4	
8950  	избить	избить	v	8.7	8.9	13.1	13.2	7.4	7.3	8.0	
8951  	износ	износ	s	8.7	2.1	2.7	1.8	0.0	3.7	11.8	
8952  	инфекционный	инфекционный	a	8.7	0.7	1.5	1.1	1.5	2.2	4.3	
8953  	калина	калина	s	8.7	3.2	4.3	22.5	0.0	2.2	5.9	
8954  	канава	канава	s	8.7	20.6	18.2	13.7	8.9	8.1	5.2	
8955  	капать	капать	v	8.7	15.9	15.0	17.8	10.4	2.9	3.9	
8956  	каркас	каркас	s	8.7	6.0	2.9	4.7	13.3	12.8	10.9	
8957  	кидаться	кидаться	v	8.7	16.1	18.2	12.8	10.4	9.2	5.6	
8958  	клин	клин	s	8.7	15.8	11.5	11.0	5.9	6.6	6.5	
8959  	клумба	клумба	s	8.7	17.2	7.5	13.5	11.9	6.2	6.1	
8960  	комок	комок	s	8.7	14.4	17.5	17.2	3.0	7.7	3.8	
8961  	краснодарский	краснодарский	a	8.7	0.0	0.9	0.8	23.7	2.2	15.7	
8962  	лиса	лиса	s	8.7	7.8	14.2	11.5	5.9	9.2	5.7	
8963  	листовка	листовка	s	8.7	13.3	8.4	8.1	11.9	15.0	10.9	
8964  	лихорадочно	лихорадочно	adv	8.7	10.6	16.5	17.5	4.5	9.9	5.2	
8965  	макушка	макушка	s	8.7	12.8	15.2	19.2	5.9	6.2	4.2	
8966  	музейный	музейный	a	8.7	4.6	5.2	5.6	8.9	6.6	14.4	
8967  	начинающий	начинающий	a	8.7	3.0	3.8	6.7	16.3	7.3	13.5	
8968  	неуклюжий	неуклюжий	a	8.7	16.8	15.1	13.8	13.3	9.5	5.8	
8969  	ножницы	ножницы	s	8.7	8.0	12.8	11.8	10.4	16.9	6.6	
8970  	нотариус	нотариус	s	8.7	0.0	2.0	5.9	3.0	4.4	5.8	
8971  	нырять	нырять	v	8.7	22.3	15.1	14.0	10.4	4.4	5.8	
8972  	обоснованный	обоснованный	a	8.7	1.4	2.0	1.4	8.9	7.0	9.6	
8973  	одиночный	одиночный	a	8.7	8.5	6.0	4.4	7.4	9.9	10.5	
8974  	ослепительный	ослепительный	a	8.7	15.6	14.1	13.4	13.3	10.3	6.6	
8975  	отменять	отменять	v	8.7	3.5	3.2	4.8	3.0	5.5	13.1	
8976  	отрицание	отрицание	s	8.7	2.3	2.7	4.1	8.9	12.8	8.0	
8977  	охлаждение	охлаждение	s	8.7	2.8	2.0	0.9	4.5	3.3	8.6	
8978  	пересечение	пересечение	s	8.7	2.7	2.6	5.4	0.0	4.0	9.6	
8979  	печь	печь	v	8.7	18.1	15.1	9.5	8.9	11.7	7.2	
8980  	побояться	побояться	v	8.7	14.9	11.0	10.7	1.5	11.0	8.6	
8981  	позвоночник	позвоночник	s	8.7	6.9	6.3	10.8	4.5	2.6	8.9	
8982  	полемика	полемика	s	8.7	1.2	2.2	3.4	14.8	13.6	13.4	
8983  	полуостров	полуостров	s	8.7	1.2	4.7	2.7	4.5	8.4	10.9	
8984  	похудеть	похудеть	v	8.7	14.7	10.5	10.8	3.0	8.4	7.5	
8985  	притягивать	притягивать	v	8.7	5.3	9.1	11.5	4.5	9.5	8.9	
8986  	прищуриться	прищуриться	v	8.7	24.6	13.7	22.0	4.5	2.6	1.5	
8987  	разгромить	разгромить	v	8.7	7.3	8.6	8.3	17.8	22.0	10.6	
8988  	расплатиться	расплатиться	v	8.7	6.6	11.2	15.6	3.0	2.9	8.2	
8989  	робот	робот	s	8.7	12.4	15.0	7.0	1.5	8.1	7.9	
8990  	ронять	ронять	v	8.7	12.2	16.6	17.6	4.5	8.1	4.4	
8991  	рыть	рыть	v	8.7	21.3	15.5	14.1	4.5	10.6	4.9	
8992  	своевременно	своевременно	adv	8.7	4.2	6.5	3.3	20.8	11.4	9.3	
8993  	сдохнуть	сдохнуть	v	8.7	6.9	13.4	20.7	4.5	2.9	4.1	
8994  	солист	солист	s	8.7	1.1	7.2	2.0	10.4	3.3	18.7	
8995  	станица	станица	s	8.7	21.3	4.2	12.1	1.5	9.5	8.5	
8996  	стержень	стержень	s	8.7	5.0	5.9	5.6	4.5	12.1	9.7	
8997  	травка	травка	s	8.7	8.9	17.6	14.2	4.5	6.6	5.7	
8998  	трон	трон	s	8.7	6.0	5.6	10.8	20.8	12.1	10.4	
8999  	унитаз	унитаз	s	8.7	1.9	7.2	18.8	0.0	2.2	7.8	
9000  	утюг	утюг	s	8.7	18.3	17.1	13.6	1.5	2.6	5.2	
