7001  	каюта	каюта	s	12.5	32.6	28.4	17.6	14.8	9.5	7.2	
7002  	кишка	кишка	s	12.5	8.5	12.8	16.7	13.3	6.2	6.4	
7003  	комендант	комендант	s	12.5	44.5	36.8	9.2	37.1	22.0	7.7	
7004  	краснеть	краснеть	v	12.5	32.4	26.2	19.2	16.3	11.0	5.8	
7005  	купец	купец	s	12.5	9.6	16.9	14.5	19.3	13.2	11.9	
7006  	лондонский	лондонский	a	12.5	2.3	4.7	8.7	22.2	22.4	20.1	
7007  	невиданный	невиданный	a	12.5	12.6	12.0	12.8	16.3	13.2	15.6	
7008  	несовершеннолетний	несовершеннолетний	a	12.5	2.1	1.4	5.2	1.5	3.7	11.7	
7009  	осматривать	осматривать	v	12.5	25.2	16.9	18.8	14.8	16.5	9.0	
7010  	попить	попить	v	12.5	14.5	21.1	22.7	3.0	5.9	6.8	
7011  	противодействие	противодействие	s	12.5	1.9	1.0	2.2	1.5	6.2	18.5	
7012  	разыскать	разыскать	v	12.5	25.5	19.6	18.4	10.4	23.1	9.7	
7013  	самостоятельность	самостоятельность	s	12.5	5.1	7.0	4.3	5.9	28.6	15.5	
7014  	сдвиг	сдвиг	s	12.5	3.7	2.6	3.2	7.4	12.1	11.7	
7015  	снабдить	снабдить	v	12.5	11.9	7.0	8.6	10.4	9.9	16.0	
7016  	снятие	снятие	s	12.5	2.7	2.7	4.0	5.9	12.1	15.6	
7017  	содержимое	содержимое	s	12.5	7.8	8.7	22.3	8.9	7.0	10.4	
7018  	сундук	сундук	s	12.5	26.6	25.6	18.6	11.9	21.3	8.3	
7019  	теоретически	теоретически	adv	12.5	4.6	5.0	6.8	3.0	11.0	15.6	
7020  	тонуть	тонуть	v	12.5	26.9	21.4	18.4	5.9	10.3	9.0	
7021  	трубопровод	трубопровод	s	12.5	1.2	0.8	1.3	3.0	1.8	15.6	
7022  	увольнение	увольнение	s	12.5	2.1	7.2	9.4	5.9	7.0	18.7	
7023  	цилиндр	цилиндр	s	12.5	11.3	11.2	6.3	5.9	19.8	13.5	
7024  	ядовитый	ядовитый	a	12.5	19.7	16.1	17.0	11.9	10.6	10.2	
7025  	выпадать	выпадать	v	12.4	6.7	12.4	12.5	11.9	11.7	14.0	
7026  	высказываться	высказываться	v	12.4	6.0	6.3	4.3	8.9	24.9	17.6	
7027  	град	град	s	12.4	9.8	7.7	10.8	7.4	8.1	11.3	
7028  	дверной	дверной	a	12.4	11.9	13.8	27.9	5.9	5.5	8.3	
7029  	доверить	доверить	v	12.4	14.0	11.9	11.6	5.9	14.3	16.0	
7030  	европеец	европеец	s	12.4	7.1	1.1	6.3	8.9	16.9	21.3	
7031  	заведомо	заведомо	adv	12.4	1.8	4.5	6.2	4.5	8.1	15.7	
7032  	заливать	заливать	v	12.4	20.9	15.7	15.9	19.3	9.2	11.4	
7033  	заросль	заросль	s	12.4	24.3	22.4	22.3	17.8	8.4	5.8	
7034  	зоопарк	зоопарк	s	12.4	18.4	18.7	14.6	8.9	13.9	12.0	
7035  	избавить	избавить	v	12.4	12.2	10.2	13.2	14.8	15.8	14.1	
7036  	избыток	избыток	s	12.4	6.7	6.4	11.4	7.4	11.7	13.7	
7037  	колхозный	колхозный	a	12.4	38.3	20.5	11.5	93.4	16.1	9.0	
7038  	кончина	кончина	s	12.4	2.3	6.1	9.6	65.2	9.5	17.2	
7039  	лечиться	лечиться	v	12.4	6.6	8.9	14.2	7.4	13.6	12.8	
7040  	молоток	молоток	s	12.4	17.9	23.7	17.3	7.4	12.8	9.8	
7041  	навестить	навестить	v	12.4	12.4	17.0	21.2	19.3	14.7	10.7	
7042  	несправедливый	несправедливый	a	12.4	13.1	16.6	11.5	11.9	17.6	13.7	
7043  	облегчить	облегчить	v	12.4	10.1	12.3	9.8	14.8	16.1	15.4	
7044  	отбить	отбить	v	12.4	21.1	16.9	18.2	13.3	12.1	9.8	
7045  	откладывать	откладывать	v	12.4	19.7	15.3	14.5	13.3	14.3	11.3	
7046  	охотничий	охотничий	a	12.4	15.4	16.6	15.2	20.8	19.4	11.2	
7047  	подвижный	подвижный	a	12.4	9.4	5.1	6.6	7.4	19.4	11.5	
7048  	поселение	поселение	s	12.4	2.7	3.2	4.5	5.9	18.3	19.7	
7049  	преследование	преследование	s	12.4	5.7	6.1	7.9	14.8	11.4	17.5	
7050  	приветствие	приветствие	s	12.4	17.9	12.3	13.4	25.2	13.6	11.8	
7051  	приморский	приморский	a	12.4	4.6	8.3	3.4	25.2	7.3	21.2	
7052  	респондент	респондент	s	12.4	0.0	0.0	0.0	0.0	0.0	9.6	
7053  	свалка	свалка	s	12.4	7.3	12.7	17.6	3.0	28.2	13.2	
7054  	спорный	спорный	a	12.4	2.7	2.8	3.2	5.9	9.2	17.1	
7055  	старенький	старенький	a	12.4	19.3	16.4	22.0	4.5	17.6	9.3	
7056  	стопка	стопка	s	12.4	17.2	24.2	26.2	13.3	9.5	6.1	
7057  	стресс	стресс	s	12.4	0.9	3.5	8.1	0.0	0.7	18.0	
7058  	теннис	теннис	s	12.4	4.8	2.4	5.0	19.3	5.5	25.5	
7059  	тонкость	тонкость	s	12.4	11.2	11.0	11.0	11.9	25.3	15.4	
7060  	туманный	туманный	a	12.4	16.5	18.9	16.9	25.2	14.3	11.4	
7061  	уносить	уносить	v	12.4	19.0	17.8	19.4	17.8	14.3	8.9	
7062  	усвоить	усвоить	v	12.4	11.2	11.1	12.6	22.2	24.6	11.2	
7063  	фиолетовый	фиолетовый	a	12.4	25.4	16.5	19.9	25.2	9.9	6.7	
7064  	холл	холл	s	12.4	7.1	5.8	21.7	10.4	5.1	12.0	
7065  	штора	штора	s	12.4	14.7	14.3	28.7	16.3	4.4	7.0	
7066  	ахнуть	ахнуть	v	12.3	24.5	28.3	25.3	1.5	11.7	4.8	
7067  	братский	братский	a	12.3	6.4	7.0	8.0	29.6	27.1	17.0	
7068  	бремя	бремя	s	12.3	5.3	4.7	5.3	8.9	10.6	20.2	
7069  	выбираться	выбираться	v	12.3	10.5	13.4	16.6	7.4	10.3	9.3	
7070  	выставлять	выставлять	v	12.3	8.5	10.7	14.6	13.3	9.9	15.4	
7071  	гадость	гадость	s	12.3	13.8	13.3	25.0	0.0	2.9	7.6	
7072  	дальность	дальность	s	12.3	1.9	2.4	1.8	3.0	8.4	19.1	
7073  	жареный	жареный	a	12.3	17.4	13.9	21.2	10.4	7.3	10.1	
7074  	забытый	забытый	a	12.3	8.9	15.5	15.3	10.4	17.2	13.3	
7075  	заклинание	заклинание	s	12.3	7.6	4.9	32.5	5.9	5.5	7.3	
7076  	законность	законность	s	12.3	2.3	3.8	3.1	5.9	12.1	14.5	
7077  	захватывать	захватывать	v	12.3	12.8	12.4	8.9	19.3	14.3	15.0	
7078  	избранный	избранный	a	12.3	3.2	3.6	7.5	11.9	17.2	15.1	
7079  	картофель	картофель	s	12.3	5.1	9.7	6.4	74.1	43.6	11.0	
7080  	красноярский	красноярский	a	12.3	0.9	2.4	1.6	3.0	7.0	24.9	
7081  	куриный	куриный	a	12.3	12.4	12.2	17.4	5.9	6.6	7.9	
7082  	лад	лад	s	12.3	13.5	18.0	13.9	16.3	22.7	13.1	
7083  	мамаша	мамаша	s	12.3	13.3	17.0	29.1	8.9	6.2	4.8	
7084  	наделить	наделить	v	12.3	8.0	7.3	6.6	14.8	13.9	14.3	
7085  	неудобный	неудобный	a	12.3	13.5	14.3	15.1	10.4	12.1	12.0	
7086  	операционный	операционный	a	12.3	9.9	4.0	9.5	4.5	4.4	14.5	
7087  	покаяние	покаяние	s	12.3	2.5	2.6	6.2	3.0	4.0	9.7	
7088  	приводиться	приводиться	v	12.3	2.7	2.2	2.0	5.9	7.7	11.6	
7089  	пусто	пусто	adv	12.3	21.3	23.0	24.7	5.9	10.3	6.0	
7090  	развалина	развалина	s	12.3	27.5	15.0	13.8	16.3	19.1	9.2	
7091  	родственный	родственный	a	12.3	8.3	7.2	12.3	17.8	16.5	11.9	
7092  	санитарный	санитарный	a	12.3	14.7	11.2	5.9	11.9	12.1	13.9	
7093  	сбыт	сбыт	s	12.3	0.5	1.1	3.3	1.5	4.4	19.9	
7094  	союзный	союзный	a	12.3	1.8	4.3	1.9	13.3	29.0	18.3	
7095  	тощий	тощий	a	12.3	23.9	26.2	25.2	4.5	16.9	4.0	
7096  	укладывать	укладывать	v	12.3	24.5	14.3	15.0	20.8	13.6	10.3	
7097  	уменьшиться	уменьшиться	v	12.3	6.2	5.1	3.9	4.5	4.4	16.2	
7098  	фон	фон	part	12.3	30.7	26.9	13.1	4.5	8.1	10.2	
7099  	фюрер	фюрер	s	12.3	129.2	7.7	4.0	1.5	4.4	6.5	
7100  	бульон	бульон	s	12.2	3.9	6.5	10.3	4.5	13.6	8.0	
7101  	вовсю	вовсю	adv	12.2	10.1	13.6	18.2	5.9	12.5	13.4	
7102  	вскрикнуть	вскрикнуть	v	12.2	26.9	25.8	29.3	13.3	1.5	2.7	
7103  	вычислительный	вычислительный	a	12.2	4.4	0.9	1.2	3.0	5.1	6.9	
7104  	должное	должное	s	12.2	6.4	12.2	11.7	4.5	13.6	16.0	
7105  	достойно	достойно	adv	12.2	3.9	7.3	9.0	22.2	17.6	18.2	
7106  	дуга	дуга	s	12.2	19.5	16.0	13.4	16.3	14.7	7.0	
7107  	игнорировать	игнорировать	v	12.2	3.2	5.9	8.6	11.9	11.4	16.0	
7108  	изрядно	изрядно	adv	12.2	6.9	11.6	18.4	7.4	12.8	13.8	
7109  	изысканный	изысканный	a	12.2	3.5	8.8	11.9	19.3	11.7	17.8	
7110  	клеточный	клеточный	a	12.2	0.5	1.0	0.8	1.5	0.0	2.5	
7111  	колледж	колледж	s	12.2	1.6	1.3	3.9	5.9	17.6	21.1	
7112  	компенсировать	компенсировать	v	12.2	0.9	1.9	5.3	3.0	4.0	21.4	
7113  	координация	координация	s	12.2	1.4	0.6	2.8	7.4	3.7	15.0	
7114  	корм	корм	s	12.2	9.6	10.7	6.9	93.4	15.8	11.3	
7115  	ландшафт	ландшафт	s	12.2	1.4	1.9	4.3	5.9	5.9	12.8	
7116  	лечебный	лечебный	a	12.2	0.9	3.6	4.5	25.2	7.0	15.1	
7117  	мм	мм	intj	12.2	3.9	2.3	0.5	0.0	0.0	12.5	
7118  	морщина	морщина	s	12.2	29.1	15.1	17.4	11.9	11.0	8.5	
7119  	незаметный	незаметный	a	12.2	16.5	15.7	16.7	17.8	9.9	10.5	
7120  	необычайно	необычайно	adv	12.2	15.6	8.2	10.5	38.5	29.0	13.4	
7121  	несомненный	несомненный	a	12.2	7.8	8.8	8.1	25.2	15.4	14.3	
7122  	нищий	нищий	a	12.2	9.4	10.9	17.1	16.3	13.2	11.7	
7123  	нищий	нищий	s	12.2	7.6	13.9	20.2	13.3	9.2	9.2	
7124  	одобрение	одобрение	s	12.2	11.7	8.4	7.6	14.8	16.9	16.2	
7125  	осужденный	осужденный	s	12.2	4.6	2.9	3.1	5.9	13.2	7.3	
7126  	партнерство	партнерство	s	12.2	0.0	0.0	1.0	0.0	0.7	19.4	
7127  	пафос	пафос	s	12.2	5.1	5.1	8.9	19.3	11.0	18.4	
7128  	перелом	перелом	s	12.2	12.1	9.7	7.3	10.4	19.4	15.8	
7129  	плач	плач	s	12.2	21.3	17.5	15.9	13.3	10.6	8.5	
7130  	подвергнуть	подвергнуть	v	12.2	6.7	5.9	6.7	20.8	12.1	13.4	
7131  	поделить	поделить	v	12.2	5.0	7.3	14.0	4.5	8.1	17.2	
7132  	подлый	подлый	a	12.2	21.6	24.9	19.3	13.3	11.0	8.0	
7133  	поиграть	поиграть	v	12.2	16.1	12.4	14.6	7.4	4.8	12.5	
7134  	помчаться	помчаться	v	12.2	21.6	24.4	23.3	5.9	7.7	7.2	
7135  	правитель	правитель	s	12.2	8.3	2.8	8.6	14.8	15.4	17.0	
7136  	преданность	преданность	s	12.2	14.5	10.5	9.7	29.6	21.6	12.5	
7137  	привычно	привычно	adv	12.2	17.9	27.1	22.0	3.0	8.1	7.5	
7138  	проигрывать	проигрывать	v	12.2	6.0	9.1	9.4	5.9	10.6	19.5	
7139  	равнодушие	равнодушие	s	12.2	19.1	15.7	13.7	34.1	22.0	12.4	
7140  	регламент	регламент	s	12.2	1.4	1.8	1.6	1.5	2.6	16.7	
7141  	режиссерский	режиссерский	a	12.2	0.5	1.3	3.3	29.6	23.9	26.4	
7142  	роща	роща	s	12.2	26.4	21.9	16.1	35.6	16.5	8.4	
7143  	склонность	склонность	s	12.2	7.3	5.8	11.1	20.8	22.7	13.4	
7144  	суммарный	суммарный	a	12.2	0.5	0.0	0.7	0.0	1.5	11.7	
7145  	трюк	трюк	s	12.2	2.7	3.7	8.0	32.6	75.6	17.9	
7146  	университетский	университетский	a	12.2	8.7	8.4	13.3	11.9	14.7	15.0	
7147  	целостность	целостность	s	12.2	0.7	0.6	2.4	1.5	1.8	12.8	
7148  	чекист	чекист	s	12.2	9.2	5.5	17.6	14.8	41.1	13.9	
7149  	щедрый	щедрый	a	12.2	8.3	12.0	15.6	22.2	17.6	14.4	
7150  	авторитетный	авторитетный	a	12.1	4.4	4.2	4.3	4.5	14.3	20.2	
7151  	бесконечность	бесконечность	s	12.1	10.6	11.9	13.7	7.4	11.7	10.0	
7152  	ведьма	ведьма	s	12.1	19.9	13.4	25.1	4.5	3.7	7.5	
7153  	верующий	верующий	s	12.1	2.7	2.2	3.1	3.0	16.9	13.7	
7154  	взаимосвязь	взаимосвязь	s	12.1	2.5	1.7	1.2	0.0	2.6	5.6	
7155  	выдвигать	выдвигать	v	12.1	7.6	5.9	5.1	7.4	23.9	15.6	
7156  	выслушивать	выслушивать	v	12.1	15.1	15.2	14.9	5.9	16.5	9.1	
7157  	давным-давно	давным-давно	adv	12.1	12.9	18.4	21.8	22.2	4.8	9.2	
7158  	застройка	застройка	s	12.1	0.5	0.8	1.8	0.0	8.4	17.9	
7159  	затихнуть	затихнуть	v	12.1	33.0	29.0	21.4	16.3	7.3	5.2	
7160  	здороваться	здороваться	v	12.1	25.4	22.5	16.7	4.5	17.2	9.2	
7161  	индустрия	индустрия	s	12.1	2.7	2.3	1.0	8.9	23.9	20.0	
7162  	кепка	кепка	s	12.1	25.0	21.6	21.5	4.5	19.4	7.2	
7163  	косой	косой	a	12.1	33.5	20.7	18.7	8.9	6.6	5.3	
7164  	личностный	личностный	a	12.1	0.0	1.1	1.1	1.5	5.1	7.0	
7165  	миска	миска	s	12.1	41.1	22.9	17.7	4.5	18.3	5.9	
7166  	мостовая	мостовая	s	12.1	29.6	23.5	17.4	41.5	12.5	7.4	
7167  	муравей	муравей	s	12.1	53.5	13.8	17.3	10.4	9.5	5.0	
7168  	наложение	наложение	s	12.1	0.7	0.8	1.8	3.0	1.1	3.2	
7169  	насмешка	насмешка	s	12.1	26.8	19.9	15.4	23.7	21.6	8.3	
7170  	наутро	наутро	adv	12.1	8.9	16.6	20.3	5.9	13.9	11.2	
7171  	обидный	обидный	a	12.1	19.0	18.0	14.8	7.4	15.4	11.6	
7172  	озаботить	озаботить	v	12.1	13.7	13.2	11.6	11.9	12.8	15.4	
7173  	ослабить	ослабить	v	12.1	9.2	6.5	10.4	14.8	11.0	13.4	
7174  	основатель	основатель	s	12.1	1.8	4.2	3.8	32.6	12.8	19.3	
7175  	пирожок	пирожок	s	12.1	20.4	16.9	20.8	3.0	11.7	8.2	
7176  	праздновать	праздновать	v	12.1	5.5	10.4	11.6	11.9	9.9	14.9	
7177  	приблизить	приблизить	v	12.1	11.2	10.0	11.9	16.3	9.2	13.6	
7178  	прибытие	прибытие	s	12.1	10.5	13.8	10.4	20.8	11.0	11.7	
7179  	приговорить	приговорить	v	12.1	14.4	11.0	9.4	28.2	20.9	16.2	
7180  	продовольственный	продовольственный	a	12.1	5.3	5.6	4.1	13.3	25.7	17.9	
7181  	раздавить	раздавить	v	12.1	21.4	19.9	22.8	11.9	11.4	7.0	
7182  	ректор	ректор	s	12.1	2.3	8.7	7.7	7.4	15.0	18.9	
7183  	робкий	робкий	a	12.1	25.5	20.1	17.7	20.8	15.8	9.0	
7184  	святейший	святейший	a	12.1	0.0	0.0	1.2	3.0	1.5	22.4	
7185  	сирота	сирота	s	12.1	27.6	11.4	15.4	4.5	9.9	11.8	
7186  	собачка	собачка	s	12.1	9.4	19.1	20.3	11.9	12.5	9.9	
7187  	сформироваться	сформироваться	v	12.1	1.9	1.8	2.2	11.9	6.2	16.8	
7188  	тумбочка	тумбочка	s	12.1	18.3	18.9	27.5	4.5	4.0	5.3	
7189  	указываться	указываться	v	12.1	1.8	2.4	1.6	10.4	5.9	9.7	
7190  	управляющий	управляющий	s	12.1	4.8	2.4	5.8	8.9	5.9	12.1	
7191  	багаж	багаж	s	12.0	7.1	8.2	8.6	10.4	22.4	13.5	
7192  	безобразие	безобразие	s	12.0	17.0	15.2	18.0	16.3	8.4	11.2	
7193  	ветерок	ветерок	s	12.0	30.3	29.5	19.4	5.9	7.0	6.1	
7194  	вешать	вешать	v	12.0	18.4	20.2	17.7	16.3	8.8	9.0	
7195  	выть	выть	v	12.0	24.6	23.3	24.2	8.9	8.4	5.5	
7196  	гласить	гласить	v	12.0	4.2	4.9	9.0	5.9	16.9	16.9	
7197  	девичий	девичий	a	12.0	18.6	15.7	20.4	13.3	9.2	8.8	
7198  	демократ	демократ	s	12.0	1.8	1.7	8.9	7.4	4.4	22.2	
7199  	добираться	добираться	v	12.0	14.4	11.6	15.9	23.7	15.0	12.9	
7200  	древность	древность	s	12.0	19.9	7.4	7.3	7.4	10.6	9.7	
7201  	загореться	загореться	v	12.0	27.6	18.3	17.0	11.9	9.2	8.8	
7202  	загородный	загородный	a	12.0	6.9	6.4	9.8	5.9	11.7	16.1	
7203  	значиться	значиться	v	12.0	7.6	8.9	12.7	13.3	11.7	17.4	
7204  	зять	зять	s	12.0	13.5	14.8	20.5	7.4	14.7	10.2	
7205  	кавалер	кавалер	s	12.0	11.3	15.7	18.1	10.4	8.4	12.8	
7206  	клапан	клапан	s	12.0	5.1	5.0	5.5	3.0	2.2	10.9	
7207  	комсомолец	комсомолец	s	12.0	19.0	7.3	10.1	180.9	33.8	11.8	
7208  	конек	конек	s	12.0	12.4	12.3	8.4	8.9	9.9	16.4	
7209  	корточки	корточки	s	12.0	31.2	28.3	26.0	10.4	4.8	2.7	
7210  	косточка	косточка	s	12.0	15.8	17.6	18.4	7.4	8.8	10.2	
7211  	лестничный	лестничный	a	12.0	8.2	22.2	24.8	0.0	6.2	7.5	
7212  	логистика	логистика	s	12.0	0.0	0.0	0.0	0.0	0.0	10.4	
7213  	манеж	манеж	s	12.0	3.4	3.2	4.0	4.5	163.2	13.8	
7214  	месть	месть	s	12.0	8.9	8.4	18.2	10.4	12.5	12.7	
7215  	методология	методология	s	12.0	0.0	0.5	0.0	3.0	0.7	5.0	
7216  	механика	механика	s	12.0	9.9	5.1	3.6	13.3	15.0	10.2	
7217  	мостик	мостик	s	12.0	21.8	28.3	12.4	10.4	12.8	9.2	
7218  	направленность	направленность	s	12.0	1.6	1.8	1.3	3.0	7.0	13.8	
7219  	носовой	носовой	a	12.0	20.2	21.4	16.9	4.5	5.5	7.6	
7220  	оригинал	оригинал	s	12.0	3.5	6.1	8.2	31.1	7.0	15.7	
7221  	перебивать	перебивать	v	12.0	31.9	26.6	19.1	8.9	8.8	6.1	
7222  	покорно	покорно	adv	12.0	35.6	26.2	21.7	8.9	11.7	4.6	
7223  	похвалить	похвалить	v	12.0	23.4	21.9	18.6	5.9	9.5	8.8	
7224  	преобладать	преобладать	v	12.0	2.3	2.3	3.8	5.9	9.9	13.1	
7225  	продюсер	продюсер	s	12.0	7.8	0.0	5.2	0.0	5.1	25.9	
7226  	проезжать	проезжать	v	12.0	15.9	16.4	16.1	19.3	23.9	11.6	
7227  	пролететь	пролететь	v	12.0	13.3	18.7	20.1	14.8	10.3	9.8	
7228  	путевка	путевка	s	12.0	8.0	14.3	9.6	3.0	18.0	16.2	
7229  	разборка	разборка	s	12.0	2.7	0.0	17.4	0.0	2.6	16.3	
7230  	ремесло	ремесло	s	12.0	5.7	7.8	9.5	17.8	24.2	15.8	
7231  	сладко	сладко	adv	12.0	22.9	22.6	25.3	11.9	4.4	5.2	
7232  	стереотип	стереотип	s	12.0	0.0	2.9	3.2	0.0	13.9	15.9	
7233  	тайно	тайно	adv	12.0	12.4	17.5	13.7	17.8	20.2	13.0	
7234  	телесный	телесный	a	12.0	7.4	5.0	10.7	17.8	8.1	8.9	
7235  	управленческий	управленческий	a	12.0	0.0	1.3	0.6	0.0	3.7	14.3	
7236  	хрустальный	хрустальный	a	12.0	14.7	11.5	21.6	8.9	6.2	11.1	
7237  	чулок	чулок	s	12.0	22.1	21.2	20.0	20.8	11.7	7.8	
7238  	швырнуть	швырнуть	v	12.0	30.8	22.9	27.0	4.5	5.9	3.5	
7239  	экспортный	экспортный	a	12.0	0.0	2.2	0.6	0.0	4.8	22.5	
7240  	эмпирический	эмпирический	a	12.0	0.0	0.0	0.0	1.5	1.1	3.3	
7241  	яростно	яростно	adv	12.0	28.4	17.0	20.9	10.4	10.3	8.2	
7242  	вой	вой	s	11.9	24.8	19.6	24.4	8.9	6.6	5.6	
7243  	востребовать	востребовать	v	11.9	0.0	1.1	3.5	0.0	1.1	22.6	
7244  	гвардия	гвардия	s	11.9	5.7	15.9	9.4	26.7	12.8	18.0	
7245  	грешный	грешный	a	11.9	8.0	13.7	16.3	5.9	5.1	8.6	
7246  	дрянь	дрянь	s	11.9	16.5	20.2	25.6	11.9	4.8	5.8	
7247  	желанный	желанный	a	11.9	8.3	12.2	13.7	16.3	15.8	13.6	
7248  	звонкий	звонкий	a	11.9	29.4	25.1	17.1	20.8	12.5	7.5	
7249  	издеваться	издеваться	v	11.9	15.1	18.8	19.5	3.0	14.3	8.4	
7250  	казачий	казачий	a	11.9	1.4	9.2	4.9	3.0	11.4	21.5	
7251  	казнить	казнить	v	11.9	23.2	16.2	13.5	5.9	21.6	10.8	
7252  	католический	католический	a	11.9	1.8	4.0	4.0	5.9	5.9	15.2	
7253  	классовый	классовый	a	11.9	7.3	10.7	5.2	19.3	32.3	14.1	
7254  	клятва	клятва	s	11.9	11.0	14.4	21.8	20.8	10.6	8.4	
7255  	комфорт	комфорт	s	11.9	3.5	5.1	8.3	13.3	13.9	18.7	
7256  	кролик	кролик	s	11.9	8.5	21.6	16.8	16.3	13.9	6.5	
7257  	кто-либо	кто-либо	spro	11.9	11.9	10.4	8.7	28.2	25.3	12.8	
7258  	кумир	кумир	s	11.9	3.2	8.7	9.4	5.9	11.7	19.2	
7259  	монтаж	монтаж	s	11.9	3.4	2.3	2.9	16.3	19.8	18.3	
7260  	мусульманский	мусульманский	a	11.9	3.0	1.7	4.4	1.5	5.1	21.6	
7261  	наплевать	наплевать	v	11.9	19.7	18.0	22.3	19.3	3.7	7.4	
7262  	наркоман	наркоман	s	11.9	0.0	1.8	16.2	1.5	3.3	13.3	
7263  	окурок	окурок	s	11.9	27.3	23.5	25.4	11.9	5.5	4.7	
7264  	отмахнуться	отмахнуться	v	11.9	20.0	24.2	26.8	10.4	5.1	4.5	
7265  	поблизости	поблизости	adv	11.9	22.1	17.9	19.2	10.4	7.7	9.4	
7266  	повторение	повторение	s	11.9	6.6	4.2	6.0	22.2	17.6	13.5	
7267  	пожимать	пожимать	v	11.9	29.4	21.0	18.2	8.9	18.0	7.5	
7268  	познать	познать	v	11.9	7.4	10.6	8.6	14.8	17.2	9.6	
7269  	после	после	adv	11.9	22.9	23.0	19.2	5.9	9.2	7.6	
7270  	похитить	похитить	v	11.9	9.4	7.8	14.4	0.0	4.4	16.7	
7271  	предпринимательский	предпринимательский	a	11.9	0.0	0.0	1.6	0.0	0.0	11.8	
7272  	провокация	провокация	s	11.9	10.1	7.0	10.2	13.3	12.8	17.9	
7273  	разбор	разбор	s	11.9	5.7	8.8	10.4	14.8	28.2	11.9	
7274  	разногласие	разногласие	s	11.9	1.8	2.4	2.4	16.3	24.9	18.2	
7275  	расширять	расширять	v	11.9	2.3	3.1	4.2	11.9	9.5	15.6	
7276  	садик	садик	s	11.9	11.9	12.7	13.7	20.8	10.6	9.6	
7277  	световой	световой	a	11.9	12.1	5.8	6.3	16.3	9.2	10.0	
7278  	свист	свист	s	11.9	27.8	18.3	20.9	20.8	12.5	7.1	
7279  	сенатор	сенатор	s	11.9	1.1	4.0	4.3	10.4	18.7	24.0	
7280  	смутно	смутно	adv	11.9	23.4	22.2	21.1	13.3	17.2	6.4	
7281  	сотовый	сотовый	a	11.9	0.0	0.0	12.4	0.0	0.7	19.6	
7282  	суждено	суждено	adv	11.9	10.8	12.9	11.8	19.3	12.5	14.7	
7283  	тугой	тугой	a	11.9	27.5	21.0	23.4	8.9	8.4	5.5	
7284  	туристический	туристический	a	11.9	0.7	1.9	7.2	4.5	2.9	21.0	
7285  	унылый	унылый	a	11.9	18.3	19.1	19.1	17.8	12.1	9.4	
7286  	фашистский	фашистский	a	11.9	29.8	13.8	4.2	40.0	20.5	16.3	
7287  	чудовище	чудовище	s	11.9	21.3	16.4	20.3	4.5	4.8	8.9	
7288  	элегантный	элегантный	a	11.9	6.0	10.9	12.3	11.9	13.2	16.5	
7289  	азарт	азарт	s	11.8	12.2	17.1	16.4	14.8	21.6	11.5	
7290  	беспощадный	беспощадный	a	11.8	17.6	16.0	12.5	19.3	18.3	12.2	
7291  	брести	брести	v	11.8	14.9	22.6	25.6	7.4	8.1	5.9	
7292  	бунт	бунт	s	11.8	6.0	7.8	11.0	16.3	25.3	15.1	
7293  	геном	геном	s	11.8	0.0	0.0	0.0	0.0	0.0	1.3	
7294  	гудок	гудок	s	11.8	33.3	20.9	21.5	11.9	16.9	5.0	
7295  	джаз	джаз	s	11.8	7.6	6.7	4.5	3.0	53.2	19.7	
7296  	дядька	дядька	s	11.8	22.0	23.9	23.0	14.8	14.7	5.0	
7297  	интегрировать	интегрировать	v	11.8	0.0	0.0	0.0	0.0	0.0	12.3	
7298  	иракский	иракский	a	11.8	0.0	0.0	0.0	0.0	0.0	23.8	
7299  	квота	квота	s	11.8	0.0	0.0	0.8	1.5	0.0	27.0	
7300  	краевой	краевой	a	11.8	3.5	1.5	2.5	5.9	9.9	20.7	
7301  	липа	липа	s	11.8	21.4	18.8	14.8	34.1	9.2	5.9	
7302  	медиальный	медиальный	a	11.8	0.0	0.0	0.0	0.0	0.0	0.0	
7303  	мемуары	мемуары	s	11.8	2.8	5.6	7.0	25.2	27.5	19.8	
7304  	метафора	метафора	s	11.8	1.6	6.4	6.2	7.4	13.9	16.2	
7305  	муза	муза	s	11.8	10.8	3.8	20.9	63.7	14.7	11.1	
7306  	наблюдательный	наблюдательный	a	11.8	12.6	6.0	5.9	0.0	9.5	12.3	
7307  	наедине	наедине	adv	11.8	19.0	15.1	19.0	17.8	14.3	9.2	
7308  	напряженно	напряженно	adv	11.8	28.5	22.4	20.9	13.3	11.0	6.4	
7309  	нравственность	нравственность	s	11.8	4.1	8.2	7.3	13.3	23.5	13.5	
7310  	объемный	объемный	a	11.8	3.4	1.9	3.3	0.0	8.8	11.4	
7311  	опросить	опросить	v	11.8	3.4	2.3	2.8	1.5	3.3	18.1	
7312  	отклик	отклик	s	11.8	2.5	6.0	4.2	25.2	19.4	17.3	
7313  	пасть	пасть	s	11.8	17.9	23.4	25.4	1.5	5.1	5.0	
7314  	пионерский	пионерский	a	11.8	12.8	20.7	13.0	29.6	11.7	10.9	
7315  	подскочить	подскочить	v	11.8	20.7	21.2	24.1	3.0	5.5	6.5	
7316  	покушение	покушение	s	11.8	11.3	4.9	16.7	26.7	9.2	14.7	
7317  	произвольный	произвольный	a	11.8	2.3	1.4	2.0	5.9	7.7	12.1	
7318  	рубрика	рубрика	s	11.8	2.8	2.0	3.8	3.0	9.2	23.0	
7319  	себестоимость	себестоимость	s	11.8	1.1	0.0	1.7	46.0	2.2	18.5	
7320  	скользкий	скользкий	a	11.8	20.6	19.9	21.3	17.8	5.9	8.1	
7321  	сопоставление	сопоставление	s	11.8	2.5	2.7	0.8	4.5	18.0	7.3	
7322  	справочник	справочник	s	11.8	7.4	8.3	9.1	11.9	10.6	12.8	
7323  	сценический	сценический	a	11.8	1.9	0.8	2.0	77.1	19.1	24.9	
7324  	таять	таять	v	11.8	26.8	19.3	18.3	13.3	11.4	8.4	
7325  	тринадцать	тринадцать	num	11.8	14.0	16.9	13.5	10.4	13.6	12.1	
7326  	троица	троица	s	11.8	1.2	5.1	10.3	13.3	9.5	9.7	
7327  	удлиненный	удлиненный	a	11.8	4.1	2.2	4.1	4.5	1.8	3.0	
7328  	учитываться	учитываться	v	11.8	0.0	0.9	1.4	3.0	6.2	13.3	
7329  	экология	экология	s	11.8	0.0	0.9	3.1	0.0	3.3	17.3	
7330  	вертеть	вертеть	v	11.7	29.2	22.6	22.3	13.3	12.5	4.5	
7331  	выручить	выручить	v	11.7	20.4	15.0	13.3	5.9	15.4	11.9	
7332  	горизонтальный	горизонтальный	a	11.7	5.8	4.3	3.8	10.4	6.2	8.9	
7333  	жук	жук	s	11.7	45.5	20.9	10.9	4.5	7.3	7.7	
7334  	задерживаться	задерживаться	v	11.7	16.3	21.6	15.5	10.4	15.4	9.1	
7335  	задрать	задрать	v	11.7	24.3	20.9	26.2	7.4	4.8	4.4	
7336  	извиниться	извиниться	v	11.7	14.7	21.7	19.1	13.3	7.3	9.1	
7337  	иммунитет	иммунитет	s	11.7	0.7	1.1	2.5	0.0	3.3	10.3	
7338  	исполняться	исполняться	v	11.7	4.2	4.7	5.2	26.7	11.0	16.6	
7339  	казино	казино	s	11.7	3.4	2.3	14.7	5.9	6.2	18.0	
7340  	клок	клок	s	11.7	17.4	20.2	28.6	4.5	6.6	4.1	
7341  	коль	коль	conj	11.7	8.9	11.5	19.1	7.4	5.9	10.3	
7342  	комбайн	комбайн	s	11.7	14.4	6.3	9.9	44.5	12.8	7.8	
7343  	лимон	лимон	s	11.7	8.2	12.7	16.8	17.8	11.4	10.2	
7344  	меньшинство	меньшинство	s	11.7	3.5	2.6	4.5	5.9	7.7	18.9	
7345  	мощи	мощи	s	11.7	7.4	2.9	5.7	16.3	12.8	15.8	
7346  	надежно	надежно	adv	11.7	9.8	8.2	12.4	10.4	12.8	12.7	
7347  	неинтересный	неинтересный	a	11.7	12.9	13.6	14.6	8.9	10.6	12.7	
7348  	нетрудно	нетрудно	adv	11.7	8.0	8.2	8.1	10.4	18.7	15.2	
7349  	оскорбление	оскорбление	s	11.7	11.5	12.7	13.5	8.9	9.2	13.4	
7350  	отнимать	отнимать	v	11.7	12.6	13.2	14.8	14.8	13.2	11.5	
7351  	отопление	отопление	s	11.7	6.4	6.8	6.6	5.9	12.1	19.0	
7352  	позаботиться	позаботиться	v	11.7	12.1	8.7	14.4	23.7	14.7	12.7	
7353  	предатель	предатель	s	11.7	20.4	17.8	14.7	17.8	13.9	11.4	
7354  	пробираться	пробираться	v	11.7	27.8	20.2	21.6	8.9	15.0	6.2	
7355  	пружина	пружина	s	11.7	15.2	15.2	13.7	11.9	11.7	9.6	
7356  	размещаться	размещаться	v	11.7	6.7	6.8	6.1	4.5	13.2	16.1	
7357  	разновидность	разновидность	s	11.7	5.8	3.3	3.9	5.9	9.2	12.0	
7358  	рекомендоваться	рекомендоваться	v	11.7	2.1	2.6	3.1	3.0	6.6	14.5	
7359  	самовар	самовар	s	11.7	27.5	28.6	14.0	25.2	12.8	8.9	
7360  	симптом	симптом	s	11.7	2.5	2.3	6.2	4.5	5.5	12.8	
7361  	срезать	срезать	v	11.7	26.2	14.4	13.5	4.5	14.3	8.1	
7362  	стопа	стопа	s	11.7	5.1	6.8	9.1	5.9	7.3	10.4	
7363  	таиться	таиться	v	11.7	15.8	22.0	18.9	14.8	11.4	8.2	
7364  	убогий	убогий	a	11.7	11.0	9.6	18.9	23.7	16.1	10.8	
7365  	укреплять	укреплять	v	11.7	6.6	6.9	5.1	20.8	15.8	15.1	
7366  	хоккей	хоккей	s	11.7	1.6	5.2	3.6	4.5	11.7	21.9	
7367  	элитный	элитный	a	11.7	0.0	0.0	5.0	0.0	0.0	23.3	
7368  	ай	ай	intj	11.6	21.4	27.0	20.4	3.0	4.8	5.1	
7369  	артистка	артистка	s	11.6	14.2	6.1	8.8	19.3	19.8	18.7	
7370  	африканский	африканский	a	11.6	5.5	5.1	9.8	1.5	12.1	15.4	
7371  	белка	белка	s	11.6	14.2	13.7	10.0	13.3	15.0	5.2	
7372  	бешенство	бешенство	s	11.6	18.1	7.7	15.0	7.4	9.9	6.8	
7373  	богослужение	богослужение	s	11.6	1.4	1.3	1.5	3.0	6.2	14.6	
7374  	воображать	воображать	v	11.6	22.7	19.4	14.4	29.6	19.1	7.2	
7375  	впасть	впасть	v	11.6	8.0	11.4	19.8	25.2	11.4	10.8	
7376  	вскрыть	вскрыть	v	11.6	13.7	10.4	14.1	22.2	11.4	9.7	
7377  	вырост	вырост	s	11.6	0.3	0.0	0.7	0.0	0.0	1.2	
7378  	вялый	вялый	a	11.6	14.0	20.2	19.3	7.4	5.9	8.9	
7379  	двоюродный	двоюродный	a	11.6	9.2	13.4	17.4	25.2	10.6	10.9	
7380  	дефект	дефект	s	11.6	3.0	3.3	3.4	3.0	5.5	8.6	
7381  	застолье	застолье	s	11.6	1.6	11.6	17.0	11.9	8.1	14.6	
7382  	инфаркт	инфаркт	s	11.6	3.9	12.7	15.9	1.5	12.1	13.7	
7383  	кидать	кидать	v	11.6	22.3	16.4	19.9	16.3	10.6	7.3	
7384  	княгиня	княгиня	s	11.6	1.4	12.5	24.5	63.7	7.3	7.5	
7385  	конкурировать	конкурировать	v	11.6	1.1	0.6	1.8	3.0	4.8	22.0	
7386  	коробочка	коробочка	s	11.6	14.7	12.9	20.0	7.4	13.6	8.4	
7387  	методический	методический	a	11.6	0.5	0.8	0.5	14.8	1.1	8.4	
7388  	многократно	многократно	adv	11.6	2.5	4.2	7.4	4.5	12.1	15.9	
7389  	наилучший	наилучший	a	11.6	7.1	6.7	5.3	7.4	13.6	12.4	
7390  	нанять	нанять	v	11.6	6.2	6.8	21.8	13.3	6.2	11.5	
7391  	невский	невский	a	11.6	6.0	7.8	11.3	29.6	15.8	12.3	
7392  	неуверенно	неуверенно	adv	11.6	30.7	27.7	22.7	8.0	5.9	3.4	
7393  	норматив	норматив	s	11.6	0.0	0.0	0.7	3.0	8.8	15.3	
7394  	обнаженный	обнаженный	a	11.6	19.9	9.5	19.3	14.8	11.4	9.1	
7395  	обход	обход	s	11.6	14.2	13.1	11.9	0.0	14.3	11.1	
7396  	отрывать	отрывать	v	11.6	24.6	24.9	16.9	10.4	9.9	7.0	
7397  	отчество	отчество	s	11.6	13.3	13.9	14.0	5.9	9.9	7.6	
7398  	поднос	поднос	s	11.6	20.9	18.2	24.5	16.3	10.3	5.3	
7399  	потащить	потащить	v	11.6	29.2	25.4	23.1	8.9	8.1	3.8	
7400  	разъяснение	разъяснение	s	11.6	5.3	6.4	5.2	8.9	13.2	12.7	
7401  	рваный	рваный	a	11.6	34.0	17.9	20.6	17.8	10.6	5.5	
7402  	ринуться	ринуться	v	11.6	19.7	23.4	20.6	10.4	9.9	7.5	
7403  	ролик	ролик	s	11.6	3.7	2.8	5.6	8.9	2.6	22.4	
7404  	семантический	семантический	a	11.6	0.0	0.0	0.0	0.0	0.0	2.2	
7405  	славянин	славянин	s	11.6	7.6	7.0	12.1	4.5	3.3	11.7	
7406  	слиться	слиться	v	11.6	15.9	15.2	16.7	14.8	10.6	9.3	
7407  	слюна	слюна	s	11.6	16.8	18.3	25.6	0.0	2.9	4.0	
7408  	суетиться	суетиться	v	11.6	14.5	27.2	22.6	16.3	8.1	6.2	
7409  	танковый	танковый	a	11.6	48.7	10.1	7.0	11.9	31.6	12.2	
7410  	тематика	тематика	s	11.6	4.2	0.9	2.4	10.4	7.3	17.7	
7411  	торт	торт	s	11.6	6.4	16.8	18.3	26.7	11.7	10.0	
7412  	усиливаться	усиливаться	v	11.6	12.2	11.4	7.6	13.3	8.4	11.5	
7413  	шевелить	шевелить	v	11.6	29.9	28.4	22.9	4.5	5.9	3.6	
7414  	щедро	щедро	adv	11.6	10.3	12.5	15.9	14.8	15.0	12.4	
7415  	яростный	яростный	a	11.6	16.8	14.8	17.4	11.9	11.4	11.3	
7416  	банкет	банкет	s	11.5	7.6	8.1	14.4	13.3	7.7	15.8	
7417  	возвышаться	возвышаться	v	11.5	16.8	19.2	15.2	10.4	13.6	9.3	
7418  	выше	выше	pr	11.5	10.1	10.4	8.3	8.9	12.5	12.5	
7419  	депрессия	депрессия	s	11.5	1.1	2.3	9.7	0.0	3.7	14.8	
7420  	жутко	жутко	adv	11.5	15.8	16.4	17.9	4.5	5.1	8.5	
7421  	звездочка	звездочка	s	11.5	27.5	22.5	14.7	4.5	12.5	7.6	
7422  	конюшня	конюшня	s	11.5	12.6	17.6	12.2	16.3	19.4	13.1	
7423  	лен	лен	s	11.5	5.0	3.1	20.0	54.9	3.3	7.5	
7424  	логичный	логичный	a	11.5	5.5	9.1	7.0	13.3	5.1	17.1	
7425  	лопасть	лопасть	s	11.5	3.4	2.3	4.1	0.0	0.0	2.9	
7426  	мелко	мелко	adv	11.5	16.5	18.2	16.1	5.9	16.5	7.8	
7427  	металлургия	металлургия	s	11.5	1.4	0.5	0.0	11.9	18.3	16.7	
7428  	мужественный	мужественный	a	11.5	12.9	12.8	10.6	23.7	20.2	13.9	
7429  	мыслитель	мыслитель	s	11.5	5.7	13.8	3.9	5.9	7.3	13.2	
7430  	наполнять	наполнять	v	11.5	17.6	12.9	16.2	23.7	9.2	8.8	
7431  	напряженность	напряженность	s	11.5	5.3	5.8	3.0	8.9	8.4	15.0	
7432  	неформальный	неформальный	a	11.5	0.0	1.4	2.4	0.0	2.2	12.5	
7433  	обилие	обилие	s	11.5	6.0	6.4	8.5	16.3	17.2	15.7	
7434  	обрывок	обрывок	s	11.5	20.4	19.2	22.3	16.3	11.7	6.4	
7435  	очертание	очертание	s	11.5	18.4	8.8	15.3	19.3	16.1	9.6	
7436  	патриотизм	патриотизм	s	11.5	3.7	3.5	4.7	7.4	15.8	21.5	
7437  	пленный	пленный	s	11.5	29.4	19.9	13.0	3.0	22.0	9.8	
7438  	плитка	плитка	s	11.5	11.7	9.8	12.6	16.3	8.4	13.2	
7439  	подвеска	подвеска	s	11.5	2.1	2.6	3.1	1.5	1.8	23.3	
7440  	подолгу	подолгу	adv	11.5	18.6	20.6	13.7	34.1	26.4	9.9	
7441  	ползать	ползать	v	11.5	25.4	21.5	18.9	7.4	12.1	6.1	
7442  	посмеяться	посмеяться	v	11.5	20.9	28.4	14.6	13.3	22.4	7.2	
7443  	приговаривать	приговаривать	v	11.5	24.1	23.3	19.8	4.5	12.1	6.8	
7444  	пробиваться	пробиваться	v	11.5	24.8	19.4	15.3	5.9	13.2	8.7	
7445  	развестись	развестись	v	11.5	7.1	12.7	19.6	7.4	7.7	10.0	
7446  	республиканский	республиканский	a	11.5	3.0	2.3	2.0	23.7	19.4	21.0	
7447  	сахарный	сахарный	a	11.5	9.8	7.0	7.8	28.2	20.5	14.4	
7448  	сбиться	сбиться	v	11.5	26.8	22.1	20.5	13.3	13.2	5.6	
7449  	сдержать	сдержать	v	11.5	18.3	15.1	17.7	14.8	11.7	10.2	
7450  	соседство	соседство	s	11.5	5.7	12.5	12.7	26.7	17.2	13.6	
7451  	срываться	срываться	v	11.5	20.7	17.3	18.4	10.4	13.2	8.5	
7452  	страстно	страстно	adv	11.5	13.3	12.9	17.7	20.8	7.3	11.2	
7453  	тетрадка	тетрадка	s	11.5	22.1	19.3	16.1	23.7	47.7	6.3	
7454  	упрекать	упрекать	v	11.5	17.6	12.4	7.6	28.2	26.4	13.5	
7455  	упрямо	упрямо	adv	11.5	25.2	27.6	21.7	7.4	9.9	5.0	
7456  	усиливать	усиливать	v	11.5	6.6	4.9	5.9	8.9	8.8	13.7	
7457  	фунт	фунт	s	11.5	9.9	9.5	8.7	26.7	30.8	14.2	
7458  	хулиган	хулиган	s	11.5	17.2	15.3	14.8	14.8	4.4	12.7	
7459  	шапочка	шапочка	s	11.5	23.0	20.2	19.4	8.9	9.5	6.2	
7460  	эвакуация	эвакуация	s	11.5	10.1	9.2	5.9	7.4	29.4	16.6	
7461  	экономически	экономически	adv	11.5	0.7	0.9	0.7	5.9	12.8	17.1	
7462  	э-э	э-э	intj	11.5	8.7	11.2	12.5	0.0	0.7	1.7	
7463  	алкогольный	алкогольный	a	11.4	1.4	2.2	7.5	4.5	1.5	18.9	
7464  	бас	бас	s	11.4	24.3	22.2	16.8	11.9	12.1	7.5	
7465  	водяной	водяной	a	11.4	15.9	14.1	10.3	28.2	13.2	8.3	
7466  	вывеска	вывеска	s	11.4	17.2	15.9	15.5	17.8	13.2	9.5	
7467  	гектар	гектар	s	11.4	3.2	4.0	3.0	155.7	44.8	16.4	
7468  	добавка	добавка	s	11.4	1.9	3.8	3.5	7.4	7.3	10.9	
7469  	езда	езда	s	11.4	9.9	8.3	9.4	14.8	18.7	16.3	
7470  	жать	жать	v	11.4	20.9	21.2	14.4	13.3	12.1	8.4	
7471  	заразить	заразить	v	11.4	6.4	6.0	7.2	13.3	8.4	9.2	
7472  	конвейер	конвейер	s	11.4	4.8	6.8	3.7	3.0	33.0	14.5	
7473  	кошелек	кошелек	s	11.4	5.8	8.8	19.6	3.0	5.9	12.1	
7474  	меню	меню	s	11.4	3.7	7.9	11.3	10.4	9.2	14.3	
7475  	обаяние	обаяние	s	11.4	2.8	7.7	8.2	14.8	16.5	19.1	
7476  	одновременный	одновременный	a	11.4	4.8	2.2	2.3	1.5	4.0	11.3	
7477  	оклад	оклад	s	11.4	8.0	9.6	7.7	0.0	11.0	16.2	
7478  	опрокинуть	опрокинуть	v	11.4	17.0	24.2	23.9	8.9	6.6	4.8	
7479  	паровоз	паровоз	s	11.4	34.0	21.2	13.5	26.7	16.1	7.9	
7480  	печататься	печататься	v	11.4	6.2	12.8	7.0	50.4	19.1	16.1	
7481  	платный	платный	a	11.4	0.9	2.2	5.1	4.5	12.1	18.9	
7482  	погоня	погоня	s	11.4	13.1	16.9	16.3	17.8	12.8	10.7	
7483  	предпринимать	предпринимать	v	11.4	3.0	5.6	7.0	5.9	10.3	16.5	
7484  	пресс-служба	пресс-служба	s	11.4	0.0	0.0	2.6	0.0	0.0	27.4	
7485  	приготовиться	приготовиться	v	11.4	22.0	22.2	19.8	13.3	14.3	6.8	
7486  	притихнуть	притихнуть	v	11.4	37.0	26.4	18.8	8.9	8.8	5.0	
7487  	противоречивый	противоречивый	a	11.4	6.4	5.8	3.8	8.9	13.6	14.6	
7488  	путаться	путаться	v	11.4	20.7	21.0	20.4	3.0	9.5	6.7	
7489  	пьянство	пьянство	s	11.4	4.4	9.2	14.8	14.8	11.0	13.7	
7490  	сбрасывать	сбрасывать	v	11.4	15.8	14.6	14.2	8.9	16.5	10.4	
7491  	смуглый	смуглый	a	11.4	23.0	16.0	23.9	16.3	10.6	5.5	
7492  	сообщаться	сообщаться	v	11.4	4.4	5.6	6.1	16.3	15.8	15.1	
7493  	сосновый	сосновый	a	11.4	26.6	17.9	11.9	7.4	17.2	6.6	
7494  	спасительный	спасительный	a	11.4	9.6	12.8	13.6	10.4	9.2	11.2	
7495  	старший	старший	s	11.4	18.3	18.0	17.9	7.4	13.9	7.8	
7496  	товарищество	товарищество	s	11.4	3.0	5.0	3.7	11.9	6.6	11.4	
7497  	тревожно	тревожно	adv	11.4	35.6	22.1	19.4	5.9	7.3	5.7	
7498  	удариться	удариться	v	11.4	18.6	21.5	23.0	5.9	3.3	6.1	
7499  	устный	устный	a	11.4	4.6	6.7	6.3	8.9	13.6	11.9	
7500  	часовой	часовой	s	11.4	37.4	27.6	14.2	11.9	16.5	5.9	
7501  	чувствительность	чувствительность	s	11.4	4.2	2.3	3.0	26.7	5.9	5.4	
7502  	чуткий	чуткий	a	11.4	14.0	17.5	16.2	20.8	13.6	9.0	
7503  	бархатный	бархатный	a	11.3	14.4	14.3	18.1	25.2	7.3	9.6	
7504  	бегом	бегом	adv	11.3	25.4	26.1	18.5	3.0	13.9	5.2	
7505  	бетон	бетон	s	11.3	5.3	6.8	13.8	25.2	26.4	10.6	
7506  	воспитательный	воспитательный	a	11.3	5.5	5.0	4.4	29.6	9.2	10.6	
7507  	выпивка	выпивка	s	11.3	9.6	17.6	20.5	4.5	6.2	9.6	
7508  	достигаться	достигаться	v	11.3	2.7	1.1	1.8	4.5	9.5	10.6	
7509  	звуковой	звуковой	a	11.3	6.2	5.0	5.2	19.3	13.9	15.0	
7510  	золотистый	золотистый	a	11.3	18.4	15.6	17.6	13.3	9.2	6.6	
7511  	исторически	исторически	adv	11.3	1.4	2.4	3.1	1.5	12.8	15.8	
7512  	исчерпать	исчерпать	v	11.3	5.7	8.9	8.9	10.4	13.2	14.8	
7513  	кислый	кислый	a	11.3	14.7	11.9	17.6	7.4	10.6	7.6	
7514  	лабораторный	лабораторный	a	11.3	9.9	5.6	3.0	10.4	11.4	5.8	
7515  	лезвие	лезвие	s	11.3	18.6	10.2	23.5	1.5	5.9	6.0	
7516  	мгновенный	мгновенный	a	11.3	16.8	13.2	13.9	16.3	7.0	9.2	
7517  	настоящее	настоящее	s	11.3	6.2	8.2	8.6	11.9	14.3	11.1	
7518  	непостижимый	непостижимый	a	11.3	8.3	13.3	13.8	0.0	11.4	8.3	
7519  	нетерпеливо	нетерпеливо	adv	11.3	42.5	24.3	23.0	4.5	3.3	2.1	
7520  	нехватка	нехватка	s	11.3	5.1	5.9	4.3	19.3	22.7	18.0	
7521  	нобелевский	нобелевский	a	11.3	0.0	4.0	4.5	35.6	18.0	17.7	
7522  	обеспечиваться	обеспечиваться	v	11.3	1.1	1.1	1.1	1.5	5.1	10.8	
7523  	осваивать	осваивать	v	11.3	2.7	4.6	4.9	11.9	15.8	18.4	
7524  	откинуть	откинуть	v	11.3	31.6	23.7	21.9	5.9	4.8	3.8	
7525  	паутина	паутина	s	11.3	19.9	17.9	18.4	5.9	5.5	7.8	
7526  	повлечь	повлечь	v	11.3	2.8	4.1	5.5	3.0	3.7	11.4	
7527  	пронзительный	пронзительный	a	11.3	21.6	20.3	19.0	13.3	7.3	8.2	
7528  	пятеро	пятеро	num	11.3	14.9	15.7	14.2	22.2	16.1	12.0	
7529  	раздеваться	раздеваться	v	11.3	18.1	23.7	23.4	10.4	11.7	4.3	
7530  	расчетный	расчетный	a	11.3	1.9	2.0	1.1	4.5	5.5	10.6	
7531  	романс	романс	s	11.3	5.1	8.6	6.1	19.3	10.6	20.4	
7532  	салфетка	салфетка	s	11.3	10.3	13.6	20.6	10.4	9.2	8.0	
7533  	скорбь	скорбь	s	11.3	6.4	9.1	9.7	63.7	6.6	9.0	
7534  	схожий	схожий	a	11.3	6.4	7.3	7.9	14.8	12.8	14.6	
7535  	топить	топить	v	11.3	22.0	25.7	14.5	14.8	18.0	8.2	
7536  	угощать	угощать	v	11.3	15.1	15.5	16.6	28.2	16.5	10.3	
7537  	устремиться	устремиться	v	11.3	15.2	16.1	22.3	13.3	5.5	7.2	
7538  	хитрость	хитрость	s	11.3	15.2	15.0	15.3	11.9	11.4	10.8	
7539  	чудный	чудный	a	11.3	12.6	15.5	15.9	23.7	7.3	10.1	
7540  	автоматизированный	автоматизированный	a	11.2	0.7	0.0	0.0	1.5	1.8	9.9	
7541  	верблюд	верблюд	s	11.2	17.2	14.8	16.5	3.0	12.5	9.6	
7542  	видать	видать	adv	11.2	30.1	31.6	19.4	1.5	4.0	4.2	
7543  	воскресение	воскресение	s	11.2	2.8	3.1	4.2	11.9	3.7	8.0	
7544  	вычислить	вычислить	v	11.2	3.7	4.0	14.8	3.0	1.1	7.3	
7545  	двухэтажный	двухэтажный	a	11.2	11.3	10.9	15.3	17.8	18.0	11.6	
7546  	доцент	доцент	s	11.2	13.7	41.8	7.3	4.5	5.9	8.3	
7547  	жадный	жадный	a	11.2	18.8	18.5	20.7	4.5	8.4	7.0	
7548  	идентификация	идентификация	s	11.2	0.7	0.9	1.9	0.0	0.0	6.3	
7549  	изоляция	изоляция	s	11.2	8.7	3.7	2.1	8.9	12.5	10.3	
7550  	камин	камин	s	11.2	6.7	12.7	18.7	32.6	16.9	9.5	
7551  	ком	ком	s	11.2	20.7	18.9	19.0	13.3	9.2	6.8	
7552  	косвенный	косвенный	a	11.2	3.4	4.6	4.5	5.9	6.2	11.8	
7553  	котлета	котлета	s	11.2	16.1	18.9	16.7	10.4	9.2	7.5	
7554  	лихорадка	лихорадка	s	11.2	7.3	9.5	5.5	11.9	12.5	5.8	
7555  	накопиться	накопиться	v	11.2	9.4	9.7	11.4	4.5	12.8	13.8	
7556  	нападать	нападать	v	11.2	9.9	13.1	16.8	14.8	15.8	9.9	
7557  	нырнуть	нырнуть	v	11.2	28.0	16.5	26.4	8.9	4.8	3.5	
7558  	обхватить	обхватить	v	11.2	20.7	20.3	28.2	8.9	4.4	2.6	
7559  	обыватель	обыватель	s	11.2	4.1	7.9	9.0	13.3	8.8	18.7	
7560  	отвлекать	отвлекать	v	11.2	7.6	14.3	14.5	11.9	10.6	11.4	
7561  	перегородка	перегородка	s	11.2	18.4	14.3	13.5	7.4	16.1	8.0	
7562  	пир	пир	s	11.2	5.3	7.2	12.3	10.4	9.9	11.1	
7563  	пластмассовый	пластмассовый	a	11.2	9.6	10.1	22.3	26.7	9.5	8.2	
7564  	побыть	побыть	v	11.2	17.4	18.4	18.1	4.5	10.6	7.2	
7565  	попадание	попадание	s	11.2	8.5	5.8	5.8	0.0	6.6	14.7	
7566  	правильность	правильность	s	11.2	8.7	3.3	4.1	16.3	13.6	10.3	
7567  	предисловие	предисловие	s	11.2	4.6	7.4	7.6	63.7	20.2	14.3	
7568  	призвание	призвание	s	11.2	6.7	8.4	5.6	7.4	13.6	10.5	
7569  	приток	приток	s	11.2	2.1	3.6	3.1	3.0	8.1	13.6	
7570  	продлить	продлить	v	11.2	5.7	7.3	7.0	11.9	13.2	15.0	
7571  	прокат	прокат	s	11.2	1.4	1.1	2.0	1.5	8.1	21.5	
7572  	проститься	проститься	v	11.2	22.0	18.8	14.4	19.3	19.8	9.0	
7573  	пульт	пульт	s	11.2	20.4	10.4	13.6	5.9	4.0	10.8	
7574  	разрезать	разрезать	v	11.2	17.0	12.7	13.5	11.9	12.5	9.4	
7575  	своевременный	своевременный	a	11.2	1.9	2.6	2.0	20.8	5.5	11.5	
7576  	стих	стих	s	11.2	4.1	4.6	7.5	28.2	37.8	14.8	
7577  	студентка	студентка	s	11.2	7.6	12.5	13.7	14.8	19.8	12.2	
7578  	тормозить	тормозить	v	11.2	7.1	7.2	11.4	10.4	8.4	13.4	
7579  	уткнуться	уткнуться	v	11.2	23.9	21.4	26.0	8.9	5.1	3.5	
7580  	хвататься	хвататься	v	11.2	23.8	23.7	18.9	10.4	7.7	6.7	
7581  	хребет	хребет	s	11.2	15.2	16.9	10.9	17.8	20.2	7.4	
7582  	электрон	электрон	s	11.2	2.1	7.2	1.9	0.0	3.3	4.4	
7583  	адресовать	адресовать	v	11.1	5.1	7.5	6.2	14.8	11.0	14.4	
7584  	бегство	бегство	s	11.1	10.8	13.1	12.0	14.8	17.6	12.4	
7585  	благой	благой	a	11.1	3.5	6.3	8.4	7.4	8.8	14.3	
7586  	воплотить	воплотить	v	11.1	3.7	2.6	4.4	10.4	20.2	15.7	
7587  	вскинуть	вскинуть	v	11.1	32.8	23.4	25.1	3.0	3.7	2.3	
7588  	гамма	гамма	s	11.1	6.2	4.7	5.2	8.9	12.5	15.5	
7589  	деваться	деваться	v	11.1	18.3	20.7	17.6	20.8	7.0	8.0	
7590  	епархия	епархия	s	11.1	0.0	0.0	2.0	4.5	1.8	19.0	
7591  	затронуть	затронуть	v	11.1	4.6	4.2	3.6	7.4	12.5	15.7	
7592  	императорский	императорский	a	11.1	1.4	7.0	8.6	48.9	11.4	15.3	
7593  	индивидуальность	индивидуальность	s	11.1	4.2	4.5	3.7	25.2	21.6	15.0	
7594  	испуганный	испуганный	a	11.1	27.3	22.0	20.7	10.4	5.9	5.5	
7595  	консервы	консервы	s	11.1	22.7	11.4	11.3	8.9	12.8	9.3	
7596  	мерка	мерка	s	11.1	4.8	4.7	8.8	10.4	18.3	16.9	
7597  	мировоззрение	мировоззрение	s	11.1	1.6	3.6	3.2	16.3	17.2	13.9	
7598  	непредсказуемый	непредсказуемый	a	11.1	0.0	1.7	12.9	0.0	7.3	16.8	
7599  	неприязнь	неприязнь	s	11.1	12.2	14.6	14.3	5.9	15.0	11.5	
7600  	ноль	ноль	s	11.1	16.7	16.2	15.6	3.0	3.3	7.6	
7601  	осторожность	осторожность	s	11.1	17.2	13.2	10.9	17.8	11.4	11.5	
7602  	передумать	передумать	v	11.1	12.9	16.5	23.4	4.5	7.7	6.7	
7603  	погружаться	погружаться	v	11.1	10.1	14.6	15.7	10.4	11.4	9.3	
7604  	подчинение	подчинение	s	11.1	8.5	6.5	5.0	14.8	14.7	13.4	
7605  	поливать	поливать	v	11.1	13.1	11.1	14.8	10.4	5.9	11.8	
7606  	приспособление	приспособление	s	11.1	10.8	3.6	6.8	8.9	11.0	11.7	
7607  	приставать	приставать	v	11.1	19.3	18.8	19.4	10.4	9.9	6.1	
7608  	пристальный	пристальный	a	11.1	13.1	10.9	11.3	11.9	9.2	12.0	
7609  	проникновение	проникновение	s	11.1	2.3	2.3	4.8	5.9	7.0	12.6	
7610  	пуск	пуск	s	11.1	2.8	2.3	2.2	7.4	4.8	15.1	
7611  	пушистый	пушистый	a	11.1	20.6	16.8	18.9	13.3	7.7	6.2	
7612  	рождать	рождать	v	11.1	8.7	10.1	9.8	14.8	19.8	12.6	
7613  	сближение	сближение	s	11.1	3.2	6.0	4.5	16.3	7.7	15.3	
7614  	скинуть	скинуть	v	11.1	25.9	22.4	21.1	1.5	5.1	4.2	
7615  	снабжение	снабжение	s	11.1	7.3	6.1	3.5	11.9	45.5	11.7	
7616  	спастись	спастись	v	11.1	10.5	13.3	15.3	13.3	12.8	9.9	
7617  	стереть	стереть	v	11.1	15.8	13.4	18.7	7.4	10.3	8.3	
7618  	стыдиться	стыдиться	v	11.1	23.4	21.7	15.6	25.2	15.4	6.2	
7619  	сугроб	сугроб	s	11.1	26.4	19.2	19.8	25.2	8.4	6.5	
7620  	сурово	сурово	adv	11.1	29.2	20.2	17.7	3.0	11.0	6.0	
7621  	сырьевой	сырьевой	a	11.1	1.4	0.0	0.0	0.0	2.2	20.2	
7622  	титр	титр	s	11.1	0.7	2.3	2.0	0.0	2.6	4.8	
7623  	толковать	толковать	v	11.1	15.9	19.1	13.2	16.3	19.8	8.5	
7624  	тотальный	тотальный	a	11.1	3.9	1.5	5.0	0.0	4.4	19.7	
7625  	траектория	траектория	s	11.1	1.8	1.8	5.9	3.0	1.1	12.3	
7626  	тьфу	тьфу	intj	11.1	21.8	26.5	20.7	0.0	4.8	2.4	
7627  	убитый	убитый	s	11.1	21.4	15.6	18.1	5.9	12.1	8.9	
7628  	уделить	уделить	v	11.1	1.6	4.0	3.0	13.3	12.1	13.7	
7629  	ущелье	ущелье	s	11.1	15.6	12.3	12.5	10.4	9.2	12.2	
7630  	хорошенький	хорошенький	a	11.1	23.2	18.9	18.7	17.8	9.9	6.1	
7631  	хроника	хроника	s	11.1	3.0	3.1	7.3	19.3	10.6	17.5	
7632  	чугунный	чугунный	a	11.1	18.1	15.9	18.0	13.3	6.6	7.7	
7633  	эффектный	эффектный	a	11.1	6.7	7.4	8.0	5.9	17.6	16.1	
7634  	ячейка	ячейка	s	11.1	4.8	5.0	7.6	8.9	13.2	7.7	
7635  	армянин	армянин	s	11.0	2.3	7.2	15.0	1.5	16.9	14.0	
7636  	афиша	афиша	s	11.0	6.7	13.4	7.7	16.3	16.1	17.2	
7637  	беззащитный	беззащитный	a	11.0	11.9	14.1	17.6	7.4	10.6	9.6	
7638  	беспорядок	беспорядок	s	11.0	11.5	9.2	12.7	19.3	10.3	11.8	
7639  	благотворительный	благотворительный	a	11.0	1.1	1.9	5.0	5.9	2.9	21.1	
7640  	вахта	вахта	s	11.0	22.1	24.6	7.4	46.0	15.4	9.1	
7641  	веселиться	веселиться	v	11.0	11.3	18.9	16.7	11.9	8.1	8.9	
7642  	груда	груда	s	11.0	24.3	18.3	15.9	16.3	23.1	7.5	
7643  	ель	ель	s	11.0	20.9	12.3	9.6	8.9	10.3	6.4	
7644  	забава	забава	s	11.0	8.0	10.1	17.6	20.8	13.9	10.6	
7645  	захлопнуть	захлопнуть	v	11.0	23.4	23.3	26.3	4.5	4.4	2.6	
7646  	зонтик	зонтик	s	11.0	12.1	17.4	19.1	17.8	7.3	7.8	
7647  	излагать	излагать	v	11.0	7.3	10.7	11.6	5.9	21.6	9.6	
7648  	кипяток	кипяток	s	11.0	14.2	15.2	14.4	5.9	18.7	10.1	
7649  	коммерсант	коммерсант	s	11.0	2.3	8.3	8.2	0.0	5.1	19.1	
7650  	комнатка	комнатка	s	11.0	16.5	17.0	18.7	26.7	17.6	7.8	
7651  	крестный	крестный	a	11.0	3.7	4.7	7.4	17.8	7.0	12.3	
7652  	лгать	лгать	v	11.0	19.9	24.2	13.8	17.8	18.0	7.5	
7653  	милосердие	милосердие	s	11.0	6.9	7.8	10.5	8.9	14.7	11.1	
7654  	молекулярный	молекулярный	a	11.0	2.8	2.8	0.8	1.5	2.2	3.3	
7655  	нажимать	нажимать	v	11.0	20.7	14.7	15.9	8.9	9.9	7.4	
7656  	налицо	налицо	adv	11.0	4.8	6.1	7.3	5.9	10.3	16.0	
7657  	напоследок	напоследок	adv	11.0	7.6	16.0	20.7	3.0	5.9	8.9	
7658  	недоумевать	недоумевать	v	11.0	16.8	14.4	15.1	5.9	16.5	10.0	
7659  	обитель	обитель	s	11.0	2.1	2.8	5.7	11.9	4.8	17.0	
7660  	одолеть	одолеть	v	11.0	14.4	17.9	14.3	11.9	12.5	10.3	
7661  	окликнуть	окликнуть	v	11.0	37.2	24.6	21.0	3.0	7.7	3.1	
7662  	отделаться	отделаться	v	11.0	14.7	16.6	14.9	13.3	16.5	10.4	
7663  	папин	папин	a	11.0	12.8	15.3	11.4	1.5	32.3	11.6	
7664  	передвигаться	передвигаться	v	11.0	11.3	9.6	12.5	10.4	12.1	12.4	
7665  	помахать	помахать	v	11.0	28.5	21.1	23.5	3.0	4.0	4.0	
7666  	пониматься	пониматься	v	11.0	0.9	2.0	1.4	1.5	7.7	7.1	
7667  	поползти	поползти	v	11.0	26.2	21.0	19.9	5.9	7.7	6.0	
7668  	похвала	похвала	s	11.0	13.7	10.2	8.5	17.8	22.7	13.6	
7669  	профессионализм	профессионализм	s	11.0	1.1	1.0	4.1	5.9	9.5	19.9	
7670  	родня	родня	s	11.0	9.6	14.1	19.7	11.9	8.8	8.3	
7671  	серийный	серийный	a	11.0	0.7	0.8	1.8	0.0	3.7	20.5	
7672  	скотина	скотина	s	11.0	15.9	26.9	22.8	0.0	6.6	4.6	
7673  	составной	составной	a	11.0	1.8	2.4	3.0	3.0	6.6	10.5	
7674  	спрыгнуть	спрыгнуть	v	11.0	31.7	21.6	23.3	3.0	4.4	3.3	
7675  	сухопутный	сухопутный	a	11.0	2.7	4.0	2.8	7.4	8.8	19.9	
7676  	тонко	тонко	adv	11.0	16.8	14.3	15.3	13.3	10.3	9.6	
7677  	транспортировка	транспортировка	s	11.0	1.4	0.6	1.9	5.9	7.3	15.1	
7678  	тыкать	тыкать	v	11.0	14.7	20.1	24.0	7.4	9.9	5.1	
7679  	улечься	улечься	v	11.0	21.1	22.0	20.6	7.4	13.2	5.3	
7680  	управляемый	управляемый	a	11.0	2.8	1.3	2.5	7.4	1.5	13.6	
7681  	ускорение	ускорение	s	11.0	3.9	3.1	2.9	0.0	9.5	12.7	
7682  	утешение	утешение	s	11.0	13.8	12.2	11.9	32.6	12.8	9.4	
7683  	царица	царица	s	11.0	6.7	8.9	11.9	194.2	12.5	9.3	
7684  	швейцарский	швейцарский	a	11.0	6.7	3.5	10.2	4.5	3.7	17.6	
7685  	юрисдикция	юрисдикция	s	11.0	0.7	0.0	0.7	0.0	1.8	7.5	
7686  	авиакомпания	авиакомпания	s	10.9	0.0	0.0	1.5	3.0	1.1	25.5	
7687  	алюминий	алюминий	s	10.9	1.8	1.1	1.8	16.3	7.7	16.1	
7688  	атрибут	атрибут	s	10.9	1.6	2.0	5.0	7.4	8.1	12.8	
7689  	безумно	безумно	adv	10.9	6.7	9.5	13.6	13.3	4.8	12.1	
7690  	библейский	библейский	a	10.9	3.5	5.8	6.1	3.0	7.7	13.7	
7691  	бюллетень	бюллетень	s	10.9	4.8	9.5	6.0	10.4	7.7	10.1	
7692  	вечеринка	вечеринка	s	10.9	5.3	6.4	11.1	14.8	7.0	15.7	
7693  	выглядывать	выглядывать	v	10.9	21.8	23.3	21.7	5.9	7.0	4.8	
7694  	выдохнуть	выдохнуть	v	10.9	10.8	18.2	31.8	1.5	1.1	2.5	
7695  	высокопоставленный	высокопоставленный	a	10.9	4.4	0.9	4.0	8.9	3.7	22.9	
7696  	выступ	выступ	s	10.9	22.5	7.8	8.8	10.4	4.8	4.6	
7697  	гол	гол	s	10.9	3.9	5.6	3.5	19.3	13.9	17.9	
7698  	донос	донос	s	10.9	13.8	10.7	9.7	23.7	22.0	14.1	
7699  	завещание	завещание	s	10.9	2.8	2.6	11.9	11.9	12.8	8.2	
7700  	заявитель	заявитель	s	10.9	0.0	0.0	0.0	0.0	0.0	4.2	
7701  	инерция	инерция	s	10.9	6.2	9.8	10.9	8.9	12.5	11.7	
7702  	инициатор	инициатор	s	10.9	1.1	2.2	2.2	11.9	7.3	20.8	
7703  	коварный	коварный	a	10.9	10.3	11.9	13.3	10.4	13.2	12.4	
7704  	колонка	колонка	s	10.9	5.5	7.8	12.6	5.9	11.0	11.2	
7705  	красить	красить	v	10.9	11.9	11.6	14.6	19.3	6.2	7.7	
7706  	летный	летный	a	10.9	5.8	11.0	6.1	19.3	7.3	17.3	
7707  	незнакомец	незнакомец	s	10.9	15.9	17.8	23.2	4.5	15.0	5.6	
7708  	опередить	опередить	v	10.9	11.0	10.5	15.0	23.7	11.4	11.7	
7709  	опустеть	опустеть	v	10.9	22.9	18.9	20.4	13.3	8.1	6.1	
7710  	ориентир	ориентир	s	10.9	7.3	5.1	4.3	3.0	13.6	14.6	
7711  	особа	особа	s	10.9	11.9	14.7	17.2	22.2	9.9	8.4	
7712  	отстранить	отстранить	v	10.9	12.8	13.1	11.3	7.4	13.2	12.5	
7713  	подошва	подошва	s	10.9	20.7	16.0	18.4	20.8	8.1	6.5	
7714  	посметь	посметь	v	10.9	17.7	19.1	19.3	1.5	8.1	7.0	
7715  	пристань	пристань	s	10.9	39.9	12.8	12.8	35.6	30.1	5.1	
7716  	приступать	приступать	v	10.9	6.4	8.6	8.4	16.3	12.5	12.5	
7717  	притча	притча	s	10.9	3.2	4.1	4.2	4.5	9.2	9.7	
7718  	профессионально	профессионально	adv	10.9	1.9	3.8	9.5	0.0	7.3	16.9	
7719  	пылать	пылать	v	10.9	19.3	20.3	20.5	16.3	9.9	5.6	
7720  	развал	развал	s	10.9	2.5	3.3	5.3	3.0	5.1	21.9	
7721  	раздеться	раздеться	v	10.9	20.2	21.6	22.8	4.5	11.0	4.0	
7722  	реорганизация	реорганизация	s	10.9	0.5	0.0	1.1	1.5	3.3	15.6	
7723  	списать	списать	v	10.9	10.3	10.6	12.6	4.5	10.3	13.4	
7724  	средневековье	средневековье	s	10.9	6.2	2.0	4.3	14.8	7.7	6.6	
7725  	ссориться	ссориться	v	10.9	18.8	17.4	16.0	5.9	8.1	9.0	
7726  	таить	таить	v	10.9	9.2	23.7	11.7	14.8	13.6	10.4	
7727  	темперамент	темперамент	s	10.9	2.8	6.7	7.3	14.8	26.8	15.4	
7728  	теоретик	теоретик	s	10.9	11.7	7.2	2.6	32.6	10.3	10.9	
7729  	тот-то	тот-то	apro	10.9	12.4	14.4	14.1	5.9	16.9	8.0	
7730  	трактовка	трактовка	s	10.9	1.1	1.1	2.1	16.3	27.9	11.6	
7731  	увидеться	увидеться	v	10.9	21.1	13.1	17.5	26.7	12.1	7.6	
7732  	устоять	устоять	v	10.9	10.5	12.8	13.5	10.4	17.2	10.6	
7733  	шоколад	шоколад	s	10.9	8.0	11.6	12.8	25.2	8.8	11.7	
7734  	шорох	шорох	s	10.9	27.1	24.2	21.5	16.3	4.4	3.9	
7735  	штамп	штамп	s	10.9	9.4	11.6	8.1	7.4	21.6	13.1	
7736  	юношеский	юношеский	a	10.9	7.8	10.9	9.4	22.2	23.9	14.0	
7737  	безработица	безработица	s	10.8	1.1	3.2	2.5	11.9	11.7	15.2	
7738  	благословение	благословение	s	10.8	2.1	3.6	6.6	7.4	8.1	14.3	
7739  	боярин	боярин	s	10.8	0.9	5.8	28.8	0.0	6.6	4.8	
7740  	вдобавок	вдобавок	adv	10.8	8.5	10.7	18.7	3.0	11.0	9.6	
7741  	восклицать	восклицать	v	10.8	13.5	13.8	12.5	14.8	13.6	10.0	
7742  	выброс	выброс	s	10.8	1.9	1.8	2.8	3.0	6.6	12.0	
7743  	выразительный	выразительный	a	10.8	6.4	6.0	8.2	22.2	20.5	13.7	
7744  	выручка	выручка	s	10.8	6.2	5.4	7.0	4.5	7.3	16.4	
7745  	греть	греть	v	10.8	14.5	19.8	17.6	16.3	7.0	7.4	
7746  	дивизион	дивизион	s	10.8	22.1	7.0	7.0	0.0	9.9	10.9	
7747  	дополнить	дополнить	v	10.8	2.8	3.3	3.7	11.9	6.6	12.2	
7748  	дореволюционный	дореволюционный	a	10.8	5.3	10.7	4.8	32.6	26.1	14.2	
7749  	достояние	достояние	s	10.8	2.5	4.5	5.6	11.9	18.0	15.4	
7750  	древесный	древесный	a	10.8	6.2	5.8	6.4	13.3	7.0	6.5	
7751  	дружка	дружка	s	10.8	26.1	29.4	18.2	8.9	4.0	4.4	
7752  	ежик	ежик	s	10.8	9.9	47.1	19.2	3.0	2.9	2.5	
7753  	забыться	забыться	v	10.8	15.4	22.1	17.6	7.4	8.8	7.3	
7754  	кланяться	кланяться	v	10.8	24.5	20.7	14.3	16.3	14.7	6.5	
7755  	нарком	нарком	s	10.8	9.0	16.5	4.2	17.8	97.2	11.2	
7756  	неважный	неважный	a	10.8	12.6	16.0	14.6	5.9	9.5	10.0	
7757  	некто	некто	spro	10.8	9.4	13.3	16.9	11.9	11.4	9.7	
7758  	нехотя	нехотя	adv	10.8	27.3	22.8	21.9	1.5	9.9	3.8	
7759  	отвергать	отвергать	v	10.8	7.6	7.7	6.6	5.9	16.5	12.3	
7760  	откинуться	откинуться	v	10.8	29.4	19.3	26.5	3.0	2.9	1.9	
7761  	отрицательно	отрицательно	adv	10.8	12.6	6.7	11.5	7.4	8.8	10.8	
7762  	ощутимый	ощутимый	a	10.8	7.6	6.7	6.8	4.5	14.7	14.9	
7763  	перенос	перенос	s	10.8	1.4	0.8	1.3	4.5	2.6	11.8	
7764  	пересмотреть	пересмотреть	v	10.8	5.1	4.7	2.9	11.9	12.8	17.2	
7765  	перечислять	перечислять	v	10.8	7.6	6.1	10.2	14.8	10.3	14.6	
7766  	поздравление	поздравление	s	10.8	3.9	9.1	7.5	8.9	14.3	14.4	
7767  	посмеиваться	посмеиваться	v	10.8	30.1	19.6	18.3	5.9	18.7	5.5	
7768  	потерпевший	потерпевший	s	10.8	3.0	1.1	5.0	0.0	4.4	8.8	
7769  	приемник	приемник	s	10.8	27.6	14.3	13.1	5.9	10.6	7.8	
7770  	притворяться	притворяться	v	10.8	26.1	23.5	17.7	7.4	12.5	5.4	
7771  	пронестись	пронестись	v	10.8	23.0	15.5	22.8	8.9	8.1	5.3	
7772  	пьяница	пьяница	s	10.8	11.2	18.2	18.9	11.9	6.6	8.5	
7773  	раздумывать	раздумывать	v	10.8	21.1	18.7	20.7	5.9	8.4	5.9	
7774  	распахнуться	распахнуться	v	10.8	19.5	18.0	27.1	3.0	7.0	3.0	
7775  	раствориться	раствориться	v	10.8	9.0	12.9	20.1	1.5	10.3	8.7	
7776  	револьвер	револьвер	s	10.8	15.1	20.7	23.0	16.3	11.4	5.1	
7777  	ростовский	ростовский	a	10.8	0.9	1.0	3.6	17.8	24.6	17.0	
7778  	сломаться	сломаться	v	10.8	10.6	9.8	17.3	10.4	6.6	10.2	
7779  	смутить	смутить	v	10.8	16.7	16.0	16.4	17.8	10.6	8.8	
7780  	соус	соус	s	10.8	4.4	4.5	9.5	1.5	11.7	14.6	
7781  	стимул	стимул	s	10.8	0.9	2.0	2.1	3.0	12.1	14.9	
7782  	страховщик	страховщик	s	10.8	0.0	0.0	0.5	0.0	0.0	15.2	
7783  	тупо	тупо	adv	10.8	16.1	15.2	24.4	1.5	4.0	3.8	
7784  	улетать	улетать	v	10.8	11.9	13.4	18.2	16.3	6.6	10.2	
7785  	утверждаться	утверждаться	v	10.8	2.8	3.1	2.2	8.9	8.4	14.5	
7786  	хмурый	хмурый	a	10.8	24.6	21.5	18.7	13.3	10.6	6.3	
7787  	частенько	частенько	adv	10.8	5.3	7.8	15.0	3.0	15.0	12.8	
7788  	безусловный	безусловный	a	10.7	3.2	2.9	4.3	8.9	8.1	15.0	
7789  	бланк	бланк	s	10.7	7.3	12.9	8.7	10.4	8.4	10.8	
7790  	бор	бор	s	10.7	12.6	12.5	5.8	13.3	16.5	9.1	
7791  	бородатый	бородатый	a	10.7	24.1	24.7	18.3	13.3	11.4	5.2	
7792  	брюхо	брюхо	s	10.7	23.0	24.9	21.0	8.9	6.6	3.8	
7793  	виновато	виновато	adv	10.7	25.0	25.2	23.9	4.5	1.8	3.0	
7794  	воздействовать	воздействовать	v	10.7	5.5	4.7	3.8	16.3	8.1	11.8	
7795  	вращение	вращение	s	10.7	7.4	5.1	3.0	3.0	4.0	7.4	
7796  	вторжение	вторжение	s	10.7	4.6	4.9	8.4	7.4	16.9	15.7	
7797  	выпуклый	выпуклый	a	10.7	22.0	11.2	13.4	8.9	4.0	3.4	
7798  	деловито	деловито	adv	10.7	31.4	15.5	22.1	10.4	14.3	4.0	
7799  	детектив	детектив	s	10.7	4.4	6.3	14.0	3.0	7.7	14.3	
7800  	жалобно	жалобно	adv	10.7	32.8	23.7	23.3	1.5	4.4	2.3	
7801  	задерживать	задерживать	v	10.7	20.0	13.2	11.0	11.9	13.2	10.4	
7802  	зажигалка	зажигалка	s	10.7	21.8	14.4	25.1	1.5	4.0	3.9	
7803  	запутаться	запутаться	v	10.7	17.7	18.0	16.3	7.4	8.1	8.0	
7804  	затрагивать	затрагивать	v	10.7	2.7	2.4	2.2	1.5	12.1	12.8	
7805  	злобный	злобный	a	10.7	13.1	13.4	15.8	13.3	8.1	10.0	
7806  	значок	значок	s	10.7	16.3	16.4	14.2	14.8	13.6	8.6	
7807  	казанский	казанский	a	10.7	6.7	3.7	5.7	20.8	7.3	15.8	
7808  	кассационный	кассационный	a	10.7	0.0	0.0	0.0	0.0	0.0	3.4	
7809  	кинематограф	кинематограф	s	10.7	1.9	2.2	2.4	53.4	8.1	22.7	
7810  	кит	кит	s	10.7	19.1	25.1	9.4	10.4	11.4	10.2	
7811  	клочок	клочок	s	10.7	16.7	18.3	17.5	11.9	17.6	7.1	
7812  	копыто	копыто	s	10.7	14.9	20.5	22.1	5.9	9.2	5.5	
7813  	крах	крах	s	10.7	5.0	4.0	7.7	10.4	4.0	17.9	
7814  	крокодил	крокодил	s	10.7	11.3	21.1	13.7	5.9	9.5	10.1	
7815  	монография	монография	s	10.7	2.8	4.9	2.3	13.3	5.5	11.2	
7816  	мотивация	мотивация	s	10.7	0.3	0.0	1.3	0.0	0.0	11.0	
7817  	насмешливо	насмешливо	adv	10.7	47.0	25.1	19.1	5.9	4.4	1.8	
7818  	небывалый	небывалый	a	10.7	12.2	10.7	10.2	22.2	13.9	12.7	
7819  	нейтральный	нейтральный	a	10.7	6.4	4.7	8.0	4.5	8.4	11.7	
7820  	нечистый	нечистый	a	10.7	13.5	14.4	15.9	7.4	9.9	7.9	
7821  	обновить	обновить	v	10.7	3.4	2.6	5.8	4.5	6.6	18.1	
7822  	обрабатывать	обрабатывать	v	10.7	7.1	4.3	4.2	14.8	11.4	10.0	
7823  	оживиться	оживиться	v	10.7	21.3	22.6	19.9	13.3	9.9	5.5	
7824  	пан	пан	s	10.7	49.6	18.9	13.1	0.0	12.1	5.2	
7825  	подаваться	подаваться	v	10.7	5.8	5.0	4.5	7.4	9.2	10.3	
7826  	подвергнуться	подвергнуться	v	10.7	6.2	3.5	4.2	11.9	11.4	15.5	
7827  	превосходный	превосходный	a	10.7	12.1	7.5	8.9	29.6	20.5	12.3	
7828  	предание	предание	s	10.7	3.7	4.3	5.3	8.9	11.4	11.8	
7829  	предсказать	предсказать	v	10.7	5.5	6.5	8.2	7.4	9.5	13.3	
7830  	привилегия	привилегия	s	10.7	8.2	4.9	6.3	13.3	15.4	15.0	
7831  	приказывать	приказывать	v	10.7	36.3	22.9	12.0	17.8	9.5	5.9	
7832  	расстройство	расстройство	s	10.7	3.4	4.3	5.8	8.9	7.0	9.8	
7833  	ревновать	ревновать	v	10.7	9.6	16.6	19.9	4.5	6.2	7.5	
7834  	резиденция	резиденция	s	10.7	4.4	2.6	7.0	3.0	6.2	16.1	
7835  	санитар	санитар	s	10.7	18.3	16.8	19.4	4.5	18.7	6.8	
7836  	свекровь	свекровь	s	10.7	4.6	8.6	14.7	10.4	5.1	4.4	
7837  	сострадание	сострадание	s	10.7	5.7	10.1	13.2	7.4	11.4	8.3	
7838  	тосковать	тосковать	v	10.7	14.9	19.1	14.5	19.3	15.4	8.8	
7839  	трещать	трещать	v	10.7	25.5	21.6	18.5	8.9	8.8	5.8	
7840  	упругий	упругий	a	10.7	13.1	12.7	15.5	10.4	4.8	5.1	
7841  	шрам	шрам	s	10.7	10.5	15.9	25.9	5.9	8.8	4.8	
7842  	этический	этический	a	10.7	0.7	1.9	3.1	3.0	10.3	12.1	
7843  	абонент	абонент	s	10.6	0.9	0.5	3.6	3.0	0.7	16.4	
7844  	бесшумно	бесшумно	adv	10.6	30.3	19.9	21.7	7.4	6.6	3.6	
7845  	бинокль	бинокль	s	10.6	28.2	29.2	15.9	4.5	13.2	4.9	
7846  	близ	близ	pr	10.6	12.8	8.6	7.0	17.8	24.2	11.0	
7847  	близнец	близнец	s	10.6	5.1	7.0	15.8	13.3	4.8	11.9	
7848  	вертикаль	вертикаль	s	10.6	0.7	2.3	3.2	5.9	3.3	18.8	
7849  	вестибюль	вестибюль	s	10.6	24.3	18.0	15.5	11.9	9.5	8.5	
7850  	военно-морской	военно-морской	a	10.6	2.7	4.9	4.8	14.8	28.2	13.9	
7851  	вооружить	вооружить	v	10.6	9.8	9.6	9.8	11.9	16.5	13.2	
7852  	ворчать	ворчать	v	10.6	24.6	22.4	17.6	10.4	10.3	5.7	
7853  	выдержка	выдержка	s	10.6	9.8	9.6	6.5	40.0	18.3	12.3	
7854  	высочайший	высочайший	a	10.6	4.4	7.2	5.9	10.4	10.6	16.2	
7855  	груша	груша	s	10.6	13.5	10.4	14.5	8.9	14.7	9.6	
7856  	гусеница	гусеница	s	10.6	39.2	15.5	8.1	25.2	6.6	3.8	
7857  	демон	демон	s	10.6	5.8	17.8	16.1	3.0	4.4	7.3	
7858  	депутатский	депутатский	a	10.6	0.0	0.8	6.5	3.0	1.8	22.0	
7859  	дирекция	дирекция	s	10.6	8.2	5.5	4.3	13.3	11.7	17.2	
7860  	дымиться	дымиться	v	10.6	28.9	20.3	20.1	5.9	7.3	4.8	
7861  	египетский	египетский	a	10.6	3.9	5.8	7.3	10.4	6.6	13.2	
7862  	задействовать	задействовать	v	10.6	0.0	4.0	4.1	0.0	2.9	18.2	
7863  	звучание	звучание	s	10.6	5.1	6.0	5.8	5.9	16.9	15.1	
7864  	знаменитость	знаменитость	s	10.6	3.5	11.6	10.4	14.8	8.4	16.3	
7865  	издательский	издательский	a	10.6	0.0	2.0	4.7	10.4	8.1	19.8	
7866  	ископаемое	ископаемое	s	10.6	3.4	1.9	1.8	1.5	4.4	9.4	
7867  	катание	катание	s	10.6	1.6	3.1	2.2	4.5	12.1	22.0	
7868  	качественно	качественно	adv	10.6	1.1	1.0	1.6	1.5	7.7	12.6	
7869  	комплимент	комплимент	s	10.6	5.5	10.0	14.8	4.5	15.4	11.8	
7870  	косить	косить	v	10.6	25.9	22.1	16.2	11.9	11.4	5.9	
7871  	крайность	крайность	s	10.6	8.7	10.0	8.9	16.3	23.5	11.5	
7872  	крымский	крымский	a	10.6	4.6	11.4	9.5	26.7	11.4	11.9	
7873  	логистический	логистический	a	10.6	0.0	0.0	0.0	0.0	0.0	8.4	
7874  	магия	магия	s	10.6	5.7	2.3	21.6	1.5	7.0	8.5	
7875  	майский	майский	a	10.6	5.3	15.1	11.4	17.8	11.4	12.7	
7876  	надлежащий	надлежащий	a	10.6	4.1	4.0	4.4	8.9	7.3	8.4	
7877  	обобщение	обобщение	s	10.6	2.7	2.3	2.3	7.4	7.7	7.9	
7878  	обои	обои	s	10.6	12.2	15.0	18.7	10.4	13.9	7.6	
7879  	окрасить	окрасить	v	10.6	9.8	8.1	6.5	13.3	8.8	8.9	
7880  	отключить	отключить	v	10.6	3.7	5.5	16.8	3.0	3.7	11.1	
7881  	пассаж	пассаж	s	10.6	0.5	4.7	5.4	1.5	2.9	9.9	
7882  	пересекать	пересекать	v	10.6	15.1	18.5	12.1	11.9	10.6	7.7	
7883  	перила	перила	s	10.6	31.4	19.8	20.7	10.4	1.5	4.1	
7884  	перрон	перрон	s	10.6	19.1	22.8	17.0	14.8	16.1	7.2	
7885  	подружиться	подружиться	v	10.6	9.6	11.9	9.0	17.8	24.6	14.3	
7886  	подсчитать	подсчитать	v	10.6	11.3	6.5	5.4	7.4	20.2	15.3	
7887  	пожаловать	пожаловать	v	10.6	12.2	18.3	16.3	10.4	4.8	8.3	
7888  	постепенный	постепенный	a	10.6	1.9	2.0	2.0	4.5	7.3	14.0	
7889  	предотвратить	предотвратить	v	10.6	6.6	3.3	5.0	8.9	8.4	16.1	
7890  	прикинуть	прикинуть	v	10.6	12.4	11.0	18.7	4.5	8.4	5.4	
7891  	радиостанция	радиостанция	s	10.6	9.2	7.0	3.1	20.8	14.7	18.9	
7892  	разрабатываться	разрабатываться	v	10.6	0.7	0.6	0.7	4.5	3.7	12.2	
7893  	реестр	реестр	s	10.6	0.5	1.3	2.3	0.0	1.8	10.1	
7894  	сдержанный	сдержанный	a	10.6	14.5	18.2	10.3	13.3	18.0	11.4	
7895  	синтетический	синтетический	a	10.6	5.1	5.6	4.3	72.6	12.1	8.3	
7896  	скелет	скелет	s	10.6	18.3	10.9	13.7	32.6	3.7	6.8	
7897  	скрип	скрип	s	10.6	23.0	19.3	20.8	7.4	7.3	5.2	
7898  	ступить	ступить	v	10.6	19.5	19.8	19.3	11.9	12.8	6.1	
7899  	сущий	сущий	a	10.6	7.6	7.4	15.9	16.3	11.4	8.0	
7900  	талия	талия	s	10.6	13.3	15.0	21.4	5.9	9.9	5.6	
7901  	тесто	тесто	s	10.6	7.1	6.3	9.0	1.5	18.0	9.5	
7902  	упрямый	упрямый	a	10.6	18.8	23.0	14.7	17.8	12.5	8.2	
7903  	футболист	футболист	s	10.6	3.7	7.7	3.8	13.3	11.7	19.9	
7904  	хмуро	хмуро	adv	10.6	34.4	23.3	23.2	3.0	2.9	2.1	
7905  	чистка	чистка	s	10.6	3.5	4.6	5.9	20.8	10.3	13.4	
7906  	штык	штык	s	10.6	11.0	25.8	13.1	11.9	12.5	8.8	
7907  	языковой	языковой	a	10.6	0.7	1.0	2.4	4.5	4.8	11.4	
7908  	архиепископ	архиепископ	s	10.5	0.0	0.5	1.2	3.0	2.6	15.6	
7909  	бабий	бабий	a	10.5	16.3	30.3	14.2	7.4	5.9	7.8	
7910  	безразличный	безразличный	a	10.5	19.7	13.3	12.1	7.4	15.0	8.2	
7911  	босс	босс	s	10.5	3.5	3.2	24.2	1.5	4.8	9.8	
7912  	взаимодействовать	взаимодействовать	v	10.5	1.8	0.0	0.9	1.5	4.0	8.7	
7913  	вырабатывать	вырабатывать	v	10.5	4.6	3.3	3.2	20.8	12.8	12.5	
7914  	вышка	вышка	s	10.5	23.2	14.1	16.4	13.3	18.0	6.8	
7915  	гребень	гребень	s	10.5	26.9	21.9	11.4	20.8	12.5	5.0	
7916  	доктрина	доктрина	s	10.5	2.7	2.2	1.8	3.0	4.4	14.9	
7917  	жилищно-коммунальный	жилищно-коммунальный	a	10.5	0.0	0.0	0.0	1.5	0.7	21.4	
7918  	завершать	завершать	v	10.5	1.6	5.5	6.2	4.5	9.2	14.6	
7919  	заем	заем	s	10.5	2.8	5.2	2.2	1.5	3.7	16.6	
7920  	землетрясение	землетрясение	s	10.5	8.9	8.4	8.0	3.0	10.6	11.1	
7921  	изобретатель	изобретатель	s	10.5	30.3	5.6	5.5	16.3	12.5	10.3	
7922  	изъятие	изъятие	s	10.5	2.1	1.3	2.5	7.4	8.8	11.3	
7923  	иномарка	иномарка	s	10.5	0.0	0.0	12.7	0.0	0.0	18.9	
7924  	канцелярия	канцелярия	s	10.5	23.9	13.9	10.0	17.8	10.3	7.9	
7925  	капиталистический	капиталистический	a	10.5	8.0	7.8	2.2	56.3	29.4	13.2	
7926  	конкурентоспособность	конкурентоспособность	s	10.5	0.0	0.0	0.0	0.0	0.0	12.1	
7927  	ларек	ларек	s	10.5	15.9	12.5	20.4	5.9	9.2	7.4	
7928  	лягушка	лягушка	s	10.5	15.6	16.2	15.8	14.8	10.3	7.2	
7929  	мельница	мельница	s	10.5	12.8	16.4	7.5	22.2	13.2	7.2	
7930  	моча	моча	s	10.5	5.8	10.4	19.4	4.5	4.8	5.2	
7931  	обыденный	обыденный	a	10.5	4.1	6.1	10.1	10.4	12.5	10.2	
7932  	оговорка	оговорка	s	10.5	3.0	4.6	4.9	4.5	12.1	10.9	
7933  	округлый	округлый	a	10.5	9.9	6.9	10.3	8.9	2.9	3.6	
7934  	отвлечься	отвлечься	v	10.5	6.6	14.3	16.9	1.5	12.1	8.7	
7935  	отдаваться	отдаваться	v	10.5	8.9	9.5	11.9	3.0	17.2	10.0	
7936  	пассивный	пассивный	a	10.5	2.5	1.5	2.6	10.4	11.7	11.3	
7937  	перепутать	перепутать	v	10.5	7.8	16.1	18.2	5.9	8.1	8.0	
7938  	подозрительно	подозрительно	adv	10.5	23.6	17.0	20.5	4.5	5.9	5.3	
7939  	покатиться	покатиться	v	10.5	26.4	24.0	19.4	8.9	5.1	4.7	
7940  	поросенок	поросенок	s	10.5	16.8	28.4	12.4	11.9	4.4	6.3	
7941  	потечь	потечь	v	10.5	14.7	17.0	21.1	3.0	9.2	6.3	
7942  	правоотношение	правоотношение	s	10.5	0.0	0.0	0.0	0.0	0.0	2.0	
7943  	предусматриваться	предусматриваться	v	10.5	0.0	0.0	0.7	4.5	12.8	14.6	
7944  	прекращаться	прекращаться	v	10.5	6.6	6.1	4.8	13.3	5.5	10.1	
7945  	призванный	призванный	a	10.5	1.6	2.0	2.9	8.9	5.5	12.2	
7946  	приподняться	приподняться	v	10.5	31.7	22.9	22.9	3.0	3.7	2.1	
7947  	прогнозировать	прогнозировать	v	10.5	0.3	0.6	0.8	0.0	2.2	16.4	
7948  	родовой	родовой	a	10.5	2.8	5.6	10.4	7.4	6.6	12.1	
7949  	сбивать	сбивать	v	10.5	17.4	13.7	16.2	13.3	14.3	7.9	
7950  	сверстник	сверстник	s	10.5	6.2	8.6	7.4	14.8	15.4	11.8	
7951  	сенсация	сенсация	s	10.5	4.6	7.0	6.8	14.8	15.0	18.1	
7952  	сквер	сквер	s	10.5	13.1	20.2	15.7	20.8	12.5	8.0	
7953  	смешать	смешать	v	10.5	12.6	6.9	9.2	7.4	18.0	10.7	
7954  	смущенно	смущенно	adv	10.5	26.4	18.7	20.4	13.3	7.3	5.1	
7955  	социология	социология	s	10.5	0.0	0.9	0.9	1.5	1.8	8.4	
7956  	спасаться	спасаться	v	10.5	12.8	15.1	14.1	23.7	13.6	8.9	
7957  	судорожно	судорожно	adv	10.5	18.6	19.6	21.1	3.0	4.8	5.9	
7958  	таинство	таинство	s	10.5	2.5	3.2	6.0	7.4	4.8	9.0	
7959  	укрыться	укрыться	v	10.5	16.7	20.6	17.5	20.8	8.8	6.5	
7960  	умеренный	умеренный	a	10.5	4.2	4.1	5.3	10.4	11.4	13.7	
7961  	умница	умница	s	10.5	11.7	16.1	19.3	8.9	4.4	6.3	
7962  	ускорить	ускорить	v	10.5	8.5	8.2	8.2	14.8	14.7	12.6	
7963  	уставной	уставной	a	10.5	1.9	1.1	2.0	0.0	0.7	13.2	
7964  	уточнение	уточнение	s	10.5	3.5	5.0	4.5	5.9	4.4	8.8	
7965  	чернила	чернила	s	10.5	20.2	20.7	11.3	10.4	15.8	6.2	
7966  	широта	широта	s	10.5	10.3	7.4	5.9	10.4	36.7	11.0	
7967  	эстетика	эстетика	s	10.5	1.9	3.2	5.2	28.2	19.1	14.1	
7968  	автомашина	автомашина	s	10.4	12.2	11.1	3.9	32.6	37.0	13.7	
7969  	бессмысленно	бессмысленно	adv	10.4	15.4	12.8	14.2	3.0	4.8	10.4	
7970  	братство	братство	s	10.4	6.2	7.2	8.8	4.5	6.6	15.3	
7971  	величественный	величественный	a	10.4	14.2	7.7	10.2	50.4	17.2	10.7	
7972  	вилла	вилла	s	10.4	7.8	3.1	13.7	19.3	5.9	13.5	
7973  	виноград	виноград	s	10.4	9.4	10.0	13.0	35.6	12.1	10.0	
7974  	воронежский	воронежский	a	10.4	1.1	9.5	2.2	4.5	22.4	17.6	
7975  	воспроизводство	воспроизводство	s	10.4	0.0	0.9	0.6	4.5	3.7	7.5	
7976  	всесоюзный	всесоюзный	a	10.4	3.4	5.4	4.0	43.0	39.2	14.6	
7977  	выговорить	выговорить	v	10.4	22.9	27.4	21.5	10.4	4.0	3.0	
7978  	выдумка	выдумка	s	10.4	16.1	13.3	11.0	34.1	21.3	10.8	
7979  	выясняться	выясняться	v	10.4	3.7	8.2	8.0	8.9	11.0	15.8	
7980  	грызть	грызть	v	10.4	16.7	22.5	18.4	10.4	10.6	5.5	
7981  	доверительный	доверительный	a	10.4	3.4	2.9	6.0	3.0	2.9	9.8	
7982  	дубовый	дубовый	a	10.4	16.3	9.6	18.7	11.9	13.6	6.9	
7983  	зеркальный	зеркальный	a	10.4	17.7	9.1	15.6	5.9	8.4	8.0	
7984  	инцидент	инцидент	s	10.4	4.4	4.2	7.7	16.3	9.2	16.9	
7985  	клей	клей	s	10.4	4.2	9.8	6.9	14.8	7.0	10.6	
7986  	колхозник	колхозник	s	10.4	22.5	16.9	6.1	197.2	33.0	7.3	
7987  	котелок	котелок	s	10.4	50.5	25.8	11.2	7.4	15.8	4.6	
7988  	кружить	кружить	v	10.4	18.4	21.9	20.3	8.9	6.6	5.5	
7989  	лак	лак	s	10.4	10.3	9.2	9.8	4.5	15.8	8.1	
7990  	лапка	лапка	s	10.4	15.8	18.8	19.5	11.9	6.2	4.2	
7991  	летучий	летучий	a	10.4	15.2	16.0	12.5	23.7	5.1	8.9	
7992  	листочек	листочек	s	10.4	16.1	11.8	14.1	4.5	4.8	8.8	
7993  	литургия	литургия	s	10.4	0.5	0.8	2.2	1.5	1.5	12.8	
7994  	лить	лить	v	10.4	16.5	16.4	14.7	3.0	11.7	8.9	
7995  	недолгий	недолгий	a	10.4	8.3	11.5	14.8	17.8	7.0	11.8	
7996  	немедленный	немедленный	a	10.4	5.1	7.2	8.2	20.8	14.7	12.7	
7997  	обильный	обильный	a	10.4	10.6	7.8	10.9	25.2	15.0	10.4	
7998  	обнаруживаться	обнаруживаться	v	10.4	4.1	4.7	5.1	3.0	9.9	8.3	
7999  	обработать	обработать	v	10.4	8.5	5.1	6.2	22.2	8.4	10.5	
8000  	обреченный	обреченный	a	10.4	8.5	7.7	11.3	20.8	16.1	12.8	
