9001  	фантастика	фантастика	s	8.7	3.2	7.0	6.0	5.9	9.9	11.4	
9002  	цветовой	цветовой	a	8.7	2.5	1.8	2.6	7.4	2.6	10.2	
9003  	что-то	что-то	advpro	8.7	20.9	20.3	11.8	4.5	3.7	4.3	
9004  	эстрадный	эстрадный	a	8.7	3.4	4.6	5.0	5.9	36.0	13.9	
9005  	ан	ан	conj	8.6	4.8	9.7	9.5	0.0	2.2	11.5	
9006  	артерия	артерия	s	8.6	2.3	1.9	4.0	1.5	1.8	4.7	
9007  	бесспорный	бесспорный	a	8.6	3.7	5.4	4.2	16.3	11.7	10.8	
9008  	боб	боб	s	8.6	6.0	11.9	10.4	3.0	11.0	9.6	
9009  	болезненно	болезненно	adv	8.6	11.0	12.0	10.6	8.9	12.5	8.6	
9010  	вынесение	вынесение	s	8.6	0.7	0.6	0.0	1.5	1.5	5.9	
9011  	генеральский	генеральский	a	8.6	11.7	10.0	13.4	8.9	8.1	9.0	
9012  	гимнастика	гимнастика	s	8.6	9.9	5.8	3.4	50.4	12.5	12.7	
9013  	гласность	гласность	s	8.6	1.2	2.8	4.4	4.5	11.7	14.9	
9014  	гражданка	гражданка	s	8.6	13.7	11.2	9.5	11.9	3.7	10.0	
9015  	грант	грант	s	8.6	0.3	1.7	3.9	0.0	1.5	13.1	
9016  	диаграмма	диаграмма	s	8.6	3.5	2.7	1.6	7.4	1.8	3.8	
9017  	женитьба	женитьба	s	8.6	6.2	10.9	8.9	8.9	27.1	9.8	
9018  	запретный	запретный	a	8.6	12.4	10.1	10.2	17.8	8.8	7.8	
9019  	идентичность	идентичность	s	8.6	0.3	0.5	0.0	0.0	0.7	7.3	
9020  	избушка	избушка	s	8.6	13.3	28.9	14.4	1.5	7.7	2.6	
9021  	индустриальный	индустриальный	a	8.6	1.9	2.4	1.6	10.4	15.8	13.1	
9022  	камерный	камерный	a	8.6	0.0	0.8	1.2	11.9	9.5	19.2	
9023  	квантовый	квантовый	a	8.6	3.4	1.0	0.6	0.0	2.9	5.2	
9024  	китель	китель	s	8.6	35.1	18.5	13.7	1.5	4.8	3.5	
9025  	коктейль	коктейль	s	8.6	3.5	5.6	12.0	4.5	2.6	10.3	
9026  	компетентный	компетентный	a	8.6	0.5	2.6	4.0	3.0	5.1	9.2	
9027  	конечность	конечность	s	8.6	8.7	4.5	9.3	3.0	3.7	6.6	
9028  	кубический	кубический	a	8.6	2.3	1.4	2.0	1.5	1.5	7.5	
9029  	курский	курский	a	8.6	2.8	9.6	4.3	5.9	23.1	11.9	
9030  	легкомысленный	легкомысленный	a	8.6	12.2	13.4	10.0	11.9	12.5	8.0	
9031  	линейка	линейка	s	8.6	12.1	10.9	7.3	7.4	16.1	7.0	
9032  	мэтр	мэтр	s	8.6	0.0	1.1	16.0	3.0	2.9	11.4	
9033  	намекнуть	намекнуть	v	8.6	7.4	9.3	14.7	5.9	6.2	8.3	
9034  	настольный	настольный	a	8.6	11.5	11.5	10.2	14.8	5.5	7.8	
9035  	незачем	незачем	adv	8.6	16.7	13.4	13.2	7.4	9.9	5.8	
9036  	неловкий	неловкий	a	8.6	11.3	16.8	14.9	10.4	12.5	5.7	
9037  	неровный	неровный	a	8.6	14.4	11.4	15.0	11.9	7.3	5.4	
9038  	нива	нива	s	8.6	2.3	6.0	9.2	10.4	4.4	13.0	
9039  	осмыслить	осмыслить	v	8.6	5.7	5.1	7.0	8.9	11.0	9.9	
9040  	парализовать	парализовать	v	8.6	10.3	8.8	11.8	8.9	7.0	8.6	
9041  	педаль	педаль	s	8.6	8.5	6.8	9.0	8.9	2.9	11.1	
9042  	плавный	плавный	a	8.6	10.6	8.7	11.2	10.4	6.6	7.1	
9043  	подержать	подержать	v	8.6	14.4	13.8	10.8	8.9	6.2	8.2	
9044  	подлость	подлость	s	8.6	14.7	13.2	13.4	11.9	11.4	6.2	
9045  	подрядчик	подрядчик	s	8.6	0.9	2.6	2.3	1.5	9.2	11.0	
9046  	позавчера	позавчера	adv	8.6	14.5	14.1	14.1	10.4	1.8	5.2	
9047  	пояснять	пояснять	v	8.6	11.0	6.0	8.0	14.8	7.7	9.6	
9048  	предназначение	предназначение	s	8.6	0.7	6.7	5.4	0.0	5.1	11.6	
9049  	прекращать	прекращать	v	8.6	5.5	4.6	6.2	7.4	9.9	8.8	
9050  	прерывать	прерывать	v	8.6	14.4	12.0	11.3	16.3	10.6	6.9	
9051  	прививка	прививка	s	8.6	2.5	6.3	3.2	7.4	4.8	8.6	
9052  	примечательный	примечательный	a	8.6	6.4	5.0	7.0	10.4	12.8	11.6	
9053  	прислониться	прислониться	v	8.6	29.6	18.4	15.9	7.4	5.5	2.9	
9054  	раскалить	раскалить	v	8.6	20.6	15.2	12.7	4.5	4.0	6.0	
9055  	расплачиваться	расплачиваться	v	8.6	6.0	8.1	10.3	4.5	10.6	10.8	
9056  	реалия	реалия	s	8.6	0.0	1.3	2.8	1.5	4.0	14.9	
9057  	ритуальный	ритуальный	a	8.6	1.2	2.9	9.8	0.0	4.4	10.6	
9058  	самодеятельность	самодеятельность	s	8.6	8.3	14.6	5.7	54.9	17.6	9.8	
9059  	секретариат	секретариат	s	8.6	2.1	2.9	3.8	4.5	8.8	15.3	
9060  	семнадцатый	семнадцатый	anum	8.6	11.7	18.7	15.0	11.9	9.9	4.7	
9061  	сокращать	сокращать	v	8.6	2.7	3.1	2.7	3.0	5.9	14.2	
9062  	стаканчик	стаканчик	s	8.6	12.8	13.1	17.4	7.4	2.6	4.6	
9063  	сумрак	сумрак	s	8.6	14.0	12.0	22.6	10.4	2.9	2.5	
9064  	тереть	тереть	v	8.6	19.3	15.2	14.1	3.0	4.0	4.3	
9065  	тропический	тропический	a	8.6	10.1	8.7	9.2	17.8	9.2	7.7	
9066  	уделяться	уделяться	v	8.6	1.2	0.6	0.5	13.3	4.4	10.2	
9067  	уполномоченный	уполномоченный	a	8.6	9.0	2.0	1.8	0.0	1.8	6.4	
9068  	ух	ух	intj	8.6	17.4	20.5	15.3	4.5	1.1	2.2	
9069  	фермер	фермер	s	8.6	2.1	5.2	4.4	16.3	19.1	14.7	
9070  	шестидесятый	шестидесятый	anum	8.6	2.3	6.4	7.0	7.4	12.5	13.6	
9071  	этикетка	этикетка	s	8.6	6.6	6.9	10.8	7.4	2.6	8.7	
9072  	автоматизация	автоматизация	s	8.5	2.5	0.0	0.0	5.9	4.4	8.9	
9073  	аксиома	аксиома	s	8.5	1.2	4.3	2.2	3.0	1.8	5.9	
9074  	аллах	аллах	s	8.5	4.1	6.0	10.0	0.0	1.1	11.5	
9075  	антенна	антенна	s	8.5	11.5	11.2	8.9	13.3	4.0	7.8	
9076  	апелляционный	апелляционный	a	8.5	0.0	0.0	0.0	0.0	0.0	2.5	
9077  	благородство	благородство	s	8.5	6.9	15.3	9.1	19.3	14.7	8.1	
9078  	блистать	блистать	v	8.5	10.5	11.4	10.2	14.8	8.1	9.1	
9079  	бросок	бросок	s	8.5	8.2	9.6	8.8	1.5	7.3	10.4	
9080  	бурно	бурно	adv	8.5	5.8	6.7	8.5	10.4	21.3	10.2	
9081  	бюрократия	бюрократия	s	8.5	0.5	2.2	1.3	3.0	6.6	17.8	
9082  	вариация	вариация	s	8.5	0.9	2.6	2.7	10.4	4.4	9.2	
9083  	взаимопонимание	взаимопонимание	s	8.5	1.4	3.2	3.1	3.0	8.1	13.2	
9084  	виновник	виновник	s	8.5	10.8	5.5	6.6	10.4	14.3	12.2	
9085  	вручать	вручать	v	8.5	5.3	7.4	6.2	4.5	12.8	12.6	
9086  	вязать	вязать	v	8.5	11.5	13.8	13.3	1.5	15.8	5.3	
9087  	глыба	глыба	s	8.5	21.3	13.3	8.8	19.3	10.3	7.4	
9088  	демонстративно	демонстративно	adv	8.5	4.8	9.6	14.4	5.9	9.2	8.6	
9089  	довоенный	довоенный	a	8.5	11.3	12.3	6.9	25.2	18.7	9.2	
9090  	дорогостоящий	дорогостоящий	a	8.5	0.5	0.5	3.2	3.0	3.7	13.8	
9091  	доходность	доходность	s	8.5	0.0	0.0	0.0	0.0	1.1	14.3	
9092  	завопить	завопить	v	8.5	14.9	13.1	22.6	1.5	1.5	2.1	
9093  	зазвонить	зазвонить	v	8.5	11.5	16.0	19.8	10.4	5.5	3.3	
9094  	затвор	затвор	s	8.5	8.0	6.3	9.0	0.0	4.8	11.3	
9095  	избранник	избранник	s	8.5	2.7	2.9	12.5	10.4	2.6	10.1	
9096  	изгиб	изгиб	s	8.5	11.3	6.5	10.2	5.9	6.2	5.2	
9097  	изолировать	изолировать	v	8.5	4.8	4.3	2.1	7.4	11.4	5.4	
9098  	изумительный	изумительный	a	8.5	5.1	7.2	7.3	25.2	7.3	10.3	
9099  	исправление	исправление	s	8.5	1.9	2.6	3.1	4.5	14.3	7.7	
9100  	козырек	козырек	s	8.5	19.5	16.1	13.8	5.9	6.2	5.4	
9101  	кусать	кусать	v	8.5	11.9	16.0	15.0	4.5	7.7	4.5	
9102  	латеральный	латеральный	a	8.5	0.0	0.0	0.0	0.0	0.0	0.0	
9103  	ликовать	ликовать	v	8.5	7.6	11.0	12.0	4.5	9.2	6.6	
9104  	маяк	маяк	s	8.5	6.7	11.6	5.5	17.8	7.0	12.3	
9105  	наделать	наделать	v	8.5	18.4	13.9	12.9	4.5	7.3	6.4	
9106  	нереальный	нереальный	a	8.5	4.4	6.0	7.5	3.0	8.1	10.5	
9107  	нулевой	нулевой	a	8.5	2.3	2.0	3.2	3.0	5.9	10.5	
9108  	отвлекаться	отвлекаться	v	8.5	8.5	11.8	11.2	5.9	11.0	6.8	
9109  	отработка	отработка	s	8.5	0.7	0.9	1.2	3.0	2.2	10.3	
9110  	отчуждение	отчуждение	s	8.5	3.5	6.0	5.7	1.5	7.0	7.4	
9111  	переменный	переменный	a	8.5	1.9	1.9	1.9	10.4	4.0	5.3	
9112  	подсознание	подсознание	s	8.5	7.1	4.5	9.8	0.0	6.2	9.8	
9113  	подчиненный	подчиненный	a	8.5	6.7	6.7	5.6	5.9	4.8	9.5	
9114  	полугодие	полугодие	s	8.5	0.5	1.1	0.6	0.0	3.3	15.2	
9115  	по-новому	по-новому	adv	8.5	12.6	6.3	4.7	17.8	15.0	9.5	
9116  	прибрежный	прибрежный	a	8.5	9.2	11.4	7.6	7.4	8.8	7.9	
9117  	прилегать	прилегать	v	8.5	4.1	3.2	4.0	4.5	6.6	9.9	
9118  	приостановить	приостановить	v	8.5	5.1	3.8	3.1	7.4	7.7	11.7	
9119  	приписывать	приписывать	v	8.5	5.5	6.5	4.4	16.3	14.3	9.2	
9120  	приставить	приставить	v	8.5	15.2	10.4	16.2	10.4	8.1	5.7	
9121  	пробраться	пробраться	v	8.5	24.3	12.4	13.1	16.3	14.3	5.4	
9122  	провоцировать	провоцировать	v	8.5	1.8	2.3	6.1	0.0	2.9	12.7	
9123  	проноситься	проноситься	v	8.5	20.4	13.9	12.9	20.8	12.8	5.8	
9124  	проскочить	проскочить	v	8.5	15.8	13.6	14.6	4.5	9.9	5.7	
9125  	просмотреть	просмотреть	v	8.5	10.5	9.5	11.5	5.9	9.5	7.7	
9126  	разбежаться	разбежаться	v	8.5	10.1	13.4	17.4	3.0	6.6	5.2	
9127  	рифма	рифма	s	8.5	9.0	6.3	8.7	37.1	17.6	9.8	
9128  	румяный	румяный	a	8.5	23.2	15.6	15.5	4.5	5.9	4.2	
9129  	свечка	свечка	s	8.5	8.2	12.4	14.8	4.5	7.7	5.6	
9130  	сережка	сережка	s	8.5	12.6	29.4	14.4	1.5	0.7	2.6	
9131  	скорбный	скорбный	a	8.5	8.7	12.2	12.9	26.7	7.3	7.4	
9132  	сова	сова	s	8.5	11.0	7.9	17.7	4.5	8.1	4.4	
9133  	соединиться	соединиться	v	8.5	11.0	8.9	9.9	11.9	8.8	6.6	
9134  	сожалеть	сожалеть	v	8.5	8.7	12.2	10.6	3.0	8.4	8.7	
9135  	споткнуться	споткнуться	v	8.5	18.1	13.7	18.5	13.3	5.1	3.5	
9136  	стационарный	стационарный	a	8.5	0.5	2.0	1.1	1.5	3.3	9.7	
9137  	стрелковый	стрелковый	a	8.5	13.5	7.8	3.4	13.3	12.5	12.8	
9138  	съехать	съехать	v	8.5	11.2	13.8	19.0	0.0	4.4	4.0	
9139  	теплоход	теплоход	s	8.5	5.5	19.1	9.4	14.8	14.3	9.1	
9140  	типография	типография	s	8.5	6.9	5.4	6.8	1.5	16.5	11.1	
9141  	трус	трус	s	8.5	21.4	23.5	12.4	4.5	11.4	4.0	
9142  	успокаиваться	успокаиваться	v	8.5	15.8	15.1	14.3	11.9	9.2	4.8	
9143  	утешить	утешить	v	8.5	12.9	11.5	14.2	8.9	6.2	5.5	
9144  	фланг	фланг	s	8.5	20.6	14.3	3.6	3.0	12.5	9.6	
9145  	фотоаппарат	фотоаппарат	s	8.5	10.3	8.3	9.7	11.9	9.9	9.0	
9146  	ха-ха-ха	ха-ха-ха	intj	8.5	14.0	22.5	18.1	1.5	0.0	1.3	
9147  	хвойный	хвойный	a	8.5	7.4	4.9	3.9	1.5	4.8	6.0	
9148  	хранилище	хранилище	s	8.5	9.0	4.0	5.4	4.5	4.8	6.8	
9149  	хрипло	хрипло	adv	8.5	22.5	17.3	20.6	0.0	3.7	1.5	
9150  	чеснок	чеснок	s	8.5	6.7	5.8	7.1	1.5	20.2	10.7	
9151  	честность	честность	s	8.5	8.7	9.7	7.5	13.3	19.1	9.1	
9152  	шипеть	шипеть	v	8.5	20.7	17.8	18.0	0.0	4.8	2.5	
9153  	электроэнергетика	электроэнергетика	s	8.5	0.0	0.0	0.0	0.0	0.0	13.3	
9154  	эскиз	эскиз	s	8.5	3.4	1.7	4.4	20.8	9.5	15.1	
9155  	ассистент	ассистент	s	8.4	9.9	6.8	6.3	4.5	22.4	11.1	
9156  	бездарный	бездарный	a	8.4	9.0	9.1	8.7	22.2	15.4	10.4	
9157  	богородица	богородица	s	8.4	2.3	2.2	5.4	10.4	2.2	8.1	
9158  	болтовня	болтовня	s	8.4	14.7	13.3	12.2	20.8	11.4	6.4	
9159  	бутылочка	бутылочка	s	8.4	7.8	15.1	15.2	0.0	4.4	5.2	
9160  	бухта	бухта	s	8.4	12.1	15.1	6.6	68.2	26.1	6.4	
9161  	визуальный	визуальный	a	8.4	0.9	2.2	1.9	0.0	4.8	8.6	
9162  	виться	виться	v	8.4	17.7	10.6	15.1	19.3	8.4	4.9	
9163  	волевой	волевой	a	8.4	6.9	5.8	5.8	5.9	14.3	9.7	
9164  	вслушиваться	вслушиваться	v	8.4	17.2	14.1	13.9	8.9	7.0	4.3	
9165  	государственность	государственность	s	8.4	2.5	0.0	1.5	1.5	6.2	16.4	
9166  	добавление	добавление	s	8.4	1.6	1.7	2.3	10.4	7.7	6.2	
9167  	доверенность	доверенность	s	8.4	4.6	2.2	4.9	0.0	4.0	8.2	
9168  	евангельский	евангельский	a	8.4	1.9	0.8	1.0	0.0	3.7	5.5	
9169  	зажмуриться	зажмуриться	v	8.4	22.9	20.5	18.8	1.5	1.8	1.6	
9170  	заиграть	заиграть	v	8.4	19.7	17.3	11.7	4.5	6.6	6.0	
9171  	замедлить	замедлить	v	8.4	13.5	12.4	10.7	4.5	6.6	7.7	
9172  	зашагать	зашагать	v	8.4	28.0	20.7	16.3	10.4	4.0	2.1	
9173  	искушение	искушение	s	8.4	4.1	3.6	7.5	8.9	7.3	9.4	
9174  	итоговый	итоговый	a	8.4	0.7	0.8	1.5	0.0	1.8	13.1	
9175  	катушка	катушка	s	8.4	15.9	10.6	9.4	5.9	6.6	6.0	
9176  	концептуальный	концептуальный	a	8.4	0.0	0.0	0.7	0.0	0.0	10.8	
9177  	легион	легион	s	8.4	1.9	3.8	16.0	7.4	2.9	9.5	
9178  	любезно	любезно	adv	8.4	13.3	8.7	9.1	14.8	10.6	7.8	
9179  	малиновый	малиновый	a	8.4	13.1	15.2	14.8	16.3	7.3	4.5	
9180  	манер	манер	s	8.4	6.9	11.6	13.1	4.5	12.5	7.6	
9181  	мусорный	мусорный	a	8.4	6.4	12.5	17.8	1.5	2.9	5.7	
9182  	навеки	навеки	adv	8.4	10.1	13.4	12.5	13.3	10.3	7.2	
9183  	накладывать	накладывать	v	8.4	8.2	7.3	7.4	4.5	5.9	8.2	
9184  	настоять	настоять	v	8.4	8.7	7.3	9.7	20.8	10.3	10.4	
9185  	насущный	насущный	a	8.4	2.8	3.8	6.1	11.9	11.4	11.6	
9186  	нехитрый	нехитрый	a	8.4	6.4	9.6	10.8	3.0	6.2	10.7	
9187  	нутро	нутро	s	8.4	10.1	17.3	16.6	7.4	6.2	3.9	
9188  	односторонний	односторонний	a	8.4	2.3	2.6	2.9	1.5	7.3	9.8	
9189  	осмелиться	осмелиться	v	8.4	10.6	11.2	12.4	7.4	12.5	7.2	
9190  	отворачиваться	отворачиваться	v	8.4	17.7	13.6	14.4	3.0	8.4	4.4	
9191  	отдача	отдача	s	8.4	5.0	2.7	3.5	10.4	16.1	12.1	
9192  	охарактеризовать	охарактеризовать	v	8.4	1.9	1.9	1.6	3.0	2.9	10.5	
9193  	паек	паек	s	8.4	14.0	9.5	7.3	26.7	37.4	8.4	
9194  	паркет	паркет	s	8.4	7.3	14.6	15.3	16.3	9.2	6.1	
9195  	планка	планка	s	8.4	5.0	5.8	4.9	17.8	1.1	13.4	
9196  	поджать	поджать	v	8.4	23.6	16.2	17.9	3.0	5.5	2.2	
9197  	пожениться	пожениться	v	8.4	5.5	6.5	13.1	1.5	7.3	8.5	
9198  	пополнение	пополнение	s	8.4	8.2	5.5	4.0	4.5	20.2	11.2	
9199  	постареть	постареть	v	8.4	11.7	17.1	14.2	11.9	8.8	5.7	
9200  	почтенный	почтенный	a	8.4	13.3	8.3	8.2	5.9	16.5	9.5	
9201  	приветливо	приветливо	adv	8.4	15.6	14.4	15.3	10.4	9.5	5.3	
9202  	привлекательность	привлекательность	s	8.4	2.1	2.3	3.4	4.5	5.5	13.4	
9203  	придерживать	придерживать	v	8.4	25.5	17.5	15.2	4.5	4.4	3.0	
9204  	причастный	причастный	a	8.4	3.9	5.9	7.5	7.4	5.9	11.1	
9205  	сатира	сатира	s	8.4	0.9	6.7	2.2	19.3	13.9	11.1	
9206  	сбережение	сбережение	s	8.4	2.5	1.1	4.0	1.5	10.3	11.0	
9207  	свадебный	свадебный	a	8.4	5.7	7.3	10.3	8.9	11.0	9.4	
9208  	селение	селение	s	8.4	4.2	14.2	6.8	7.4	7.7	10.4	
9209  	скромность	скромность	s	8.4	10.6	8.7	7.5	10.4	15.8	10.2	
9210  	сняться	сняться	v	8.4	8.0	9.1	4.7	5.9	13.9	13.3	
9211  	соскучиться	соскучиться	v	8.4	12.8	15.0	13.8	7.4	7.3	4.8	
9212  	стоп	стоп	intj	8.4	10.8	14.7	14.3	13.3	3.3	5.8	
9213  	супружеский	супружеский	a	8.4	2.3	5.6	11.1	8.9	10.3	8.3	
9214  	счетчик	счетчик	s	8.4	6.2	4.0	6.8	10.4	5.9	9.5	
9215  	считанный	считанный	a	8.4	3.9	7.3	9.0	4.5	11.4	11.0	
9216  	тачка	тачка	s	8.4	3.9	11.0	20.6	0.0	9.9	4.5	
9217  	трибунал	трибунал	s	8.4	10.5	9.1	5.5	4.5	36.3	7.2	
9218  	уполномочить	уполномочить	v	8.4	4.2	3.2	2.3	1.5	3.7	7.0	
9219  	финиш	финиш	s	8.4	1.8	7.5	3.8	3.0	9.9	15.7	
9220  	химик	химик	s	8.4	8.9	13.8	6.4	25.2	9.9	6.9	
9221  	хриплый	хриплый	a	8.4	20.9	18.0	15.9	13.3	6.2	3.8	
9222  	цирковой	цирковой	a	8.4	8.3	5.9	5.5	28.2	39.6	11.7	
9223  	чувственный	чувственный	a	8.4	3.5	1.9	6.3	13.3	6.2	6.4	
9224  	чудом	чудом	adv	8.4	5.1	10.2	12.5	10.4	8.4	9.2	
9225  	шелк	шелк	s	8.4	11.5	8.3	12.4	28.2	7.3	7.2	
9226  	эдакий	эдакий	apro	8.4	11.0	10.2	11.5	3.0	3.7	8.8	
9227  	электроника	электроника	s	8.4	3.4	3.5	3.1	0.0	4.4	14.4	
9228  	эстонский	эстонский	a	8.4	3.9	1.3	11.2	11.9	13.2	10.2	
9229  	аборт	аборт	s	8.3	1.9	5.8	11.5	1.5	1.1	6.9	
9230  	австрийский	австрийский	a	8.3	3.4	4.3	6.1	10.4	5.9	12.8	
9231  	аквариум	аквариум	s	8.3	11.0	10.6	10.5	10.4	5.5	7.8	
9232  	аспирант	аспирант	s	8.3	5.5	10.2	5.9	8.9	12.5	8.1	
9233  	бессмертие	бессмертие	s	8.3	5.0	9.6	11.9	17.8	11.4	7.4	
9234  	благословить	благословить	v	8.3	3.5	4.5	7.6	11.9	5.5	8.7	
9235  	блестяще	блестяще	adv	8.3	3.4	5.9	5.2	11.9	12.5	13.2	
9236  	винить	винить	v	8.3	12.4	11.5	10.0	4.5	8.4	7.9	
9237  	возглас	возглас	s	8.3	17.9	11.6	10.9	14.8	10.3	7.0	
9238  	вывозить	вывозить	v	8.3	7.4	7.8	6.7	8.9	11.7	11.7	
9239  	высадить	высадить	v	8.3	7.1	6.8	8.6	8.9	7.7	7.9	
9240  	дамский	дамский	a	8.3	9.0	11.9	13.8	11.9	3.3	7.5	
9241  	душный	душный	a	8.3	19.0	14.6	15.7	7.4	7.0	4.3	
9242  	замминистра	замминистра	s	8.3	2.1	0.9	2.1	0.0	0.0	19.5	
9243  	зэк	зэк	s	8.3	30.8	6.7	8.2	0.0	41.8	6.6	
9244  	извне	извне	adv	8.3	3.5	4.2	4.6	4.5	7.0	9.4	
9245  	канадский	канадский	a	8.3	1.2	4.5	1.6	3.0	10.6	16.1	
9246  	катализатор	катализатор	s	8.3	0.7	1.7	1.0	3.0	2.2	3.7	
9247  	коготь	коготь	s	8.3	12.9	13.2	16.8	3.0	5.9	4.2	
9248  	компактный	компактный	a	8.3	0.9	1.4	1.8	1.5	1.5	12.3	
9249  	красноармеец	красноармеец	s	8.3	37.9	17.5	5.6	13.3	25.3	5.2	
9250  	ль	ль	part	8.3	6.9	12.9	9.6	8.9	4.0	4.3	
9251  	мельком	мельком	adv	8.3	23.8	16.2	15.7	5.9	6.2	3.1	
9252  	меховой	меховой	a	8.3	14.2	16.4	12.0	5.9	7.7	6.6	
9253  	мыться	мыться	v	8.3	12.8	14.8	12.8	10.4	12.8	4.5	
9254  	наказываться	наказываться	v	8.3	0.0	1.1	0.6	0.0	1.1	2.8	
9255  	наклонить	наклонить	v	8.3	26.6	19.6	12.8	8.9	3.7	3.2	
9256  	насмерть	насмерть	adv	8.3	10.5	14.2	12.7	4.5	7.3	7.3	
9257  	насчитывать	насчитывать	v	8.3	1.2	1.3	1.6	13.3	10.6	13.8	
9258  	нежелательный	нежелательный	a	8.3	5.0	3.5	4.9	0.0	9.5	9.7	
9259  	носилки	носилки	s	8.3	27.1	14.2	13.1	1.5	9.5	5.0	
9260  	обдумывать	обдумывать	v	8.3	16.8	13.9	11.5	3.0	19.4	6.1	
9261  	обнажить	обнажить	v	8.3	13.7	14.2	13.7	14.8	9.2	5.4	
9262  	овальный	овальный	a	8.3	7.3	8.2	10.1	7.4	6.6	6.1	
9263  	оживление	оживление	s	8.3	9.6	8.4	6.7	11.9	14.3	9.4	
9264  	отважный	отважный	a	8.3	9.6	11.2	12.3	19.3	7.0	8.3	
9265  	очевидец	очевидец	s	8.3	2.5	5.5	4.6	7.4	10.6	13.0	
9266  	очертить	очертить	v	8.3	7.1	5.0	6.8	3.0	10.6	5.6	
9267  	перечитывать	перечитывать	v	8.3	9.9	9.2	7.2	7.4	22.7	9.7	
9268  	племянница	племянница	s	8.3	9.4	10.5	15.0	8.9	7.7	5.9	
9269  	подключить	подключить	v	8.3	3.9	4.2	7.2	0.0	4.8	10.8	
9270  	позорный	позорный	a	8.3	7.8	8.9	10.9	22.2	15.0	8.6	
9271  	показываться	показываться	v	8.3	18.4	14.3	8.6	13.3	8.4	7.2	
9272  	покорить	покорить	v	8.3	8.2	8.2	5.4	7.4	9.2	11.7	
9273  	покорный	покорный	a	8.3	15.4	14.1	10.8	4.5	9.9	7.0	
9274  	политически	политически	adv	8.3	3.7	4.0	3.2	14.8	12.5	14.2	
9275  	поправиться	поправиться	v	8.3	16.3	12.2	13.5	14.8	9.5	5.2	
9276  	праведный	праведный	a	8.3	2.1	4.0	10.1	3.0	2.9	7.7	
9277  	превышение	превышение	s	8.3	0.7	0.5	2.4	1.5	1.8	12.2	
9278  	преувеличение	преувеличение	s	8.3	3.9	5.6	4.6	11.9	15.4	12.7	
9279  	привязанность	привязанность	s	8.3	6.7	5.8	6.9	17.8	11.7	9.0	
9280  	прикидывать	прикидывать	v	8.3	12.2	12.7	17.9	8.9	9.2	4.1	
9281  	пропеть	пропеть	v	8.3	14.4	24.7	14.1	5.9	5.9	3.9	
9282  	просвет	просвет	s	8.3	11.9	10.2	13.4	7.4	5.9	6.1	
9283  	разбегаться	разбегаться	v	8.3	14.5	12.3	13.3	7.4	6.6	5.8	
9284  	разведывательный	разведывательный	a	8.3	14.5	4.2	1.5	0.0	4.4	12.3	
9285  	режиссура	режиссура	s	8.3	0.0	0.5	1.4	14.8	12.8	18.7	
9286  	роспись	роспись	s	8.3	1.4	3.3	3.1	7.4	9.9	9.9	
9287  	сдержанно	сдержанно	adv	8.3	16.1	15.6	12.3	4.5	8.4	6.4	
9288  	сертификация	сертификация	s	8.3	0.0	0.0	0.0	0.0	0.0	11.4	
9289  	сечение	сечение	s	8.3	2.5	1.1	2.1	1.5	2.9	5.4	
9290  	систематический	систематический	a	8.3	1.4	1.5	1.3	8.9	8.8	6.4	
9291  	скопление	скопление	s	8.3	9.8	5.2	4.6	1.5	9.2	5.8	
9292  	слог	слог	s	8.3	6.7	8.7	10.2	19.3	15.8	7.9	
9293  	смирение	смирение	s	8.3	3.4	4.1	8.2	8.9	5.9	6.0	
9294  	спутать	спутать	v	8.3	15.2	13.2	13.1	13.3	7.7	5.9	
9295  	сравнимый	сравнимый	a	8.3	3.5	4.6	5.2	7.4	7.3	10.8	
9296  	сувенир	сувенир	s	8.3	2.8	8.1	7.3	13.3	11.0	11.6	
9297  	тамошний	тамошний	a	8.3	4.6	3.2	10.8	14.8	10.3	11.7	
9298  	тоннель	тоннель	s	8.3	5.8	6.1	11.1	4.5	3.7	10.8	
9299  	тоталитарный	тоталитарный	a	8.3	2.3	0.8	4.0	3.0	1.1	14.4	
9300  	то-то	то-то	part	8.3	21.3	14.8	16.6	4.5	3.3	3.2	
9301  	труженик	труженик	s	8.3	4.1	8.9	4.6	50.4	20.5	11.8	
9302  	туловище	туловище	s	8.3	11.3	9.6	11.0	3.0	7.0	5.4	
9303  	угрюмо	угрюмо	adv	8.3	27.6	17.1	17.9	3.0	2.2	2.0	
9304  	укрытие	укрытие	s	8.3	12.8	11.5	9.6	0.0	9.9	8.2	
9305  	укусить	укусить	v	8.3	10.5	17.0	15.7	1.5	6.6	4.6	
9306  	унизительный	унизительный	a	8.3	7.4	10.9	10.4	11.9	11.7	9.1	
9307  	уродливый	уродливый	a	8.3	7.8	8.3	12.3	17.8	15.8	7.1	
9308  	хрустеть	хрустеть	v	8.3	14.9	16.5	15.7	1.5	4.0	4.1	
9309  	чреватый	чреватый	a	8.3	0.5	3.7	5.7	1.5	4.0	12.2	
9310  	эротический	эротический	a	8.3	3.2	1.4	8.3	5.9	2.2	12.0	
9311  	явственно	явственно	adv	8.3	11.7	11.5	13.1	10.4	6.6	6.3	
9312  	амнистия	амнистия	s	8.2	2.1	5.2	2.9	3.0	17.6	12.7	
9313  	бедняга	бедняга	s	8.2	13.1	18.7	13.3	4.5	8.1	5.0	
9314  	битый	битый	a	8.2	15.1	12.2	14.5	7.4	9.5	5.3	
9315  	бортовой	бортовой	a	8.2	3.7	3.5	3.3	3.0	4.8	12.4	
9316  	боязнь	боязнь	s	8.2	9.8	7.5	6.9	13.3	17.2	9.2	
9317  	бритва	бритва	s	8.2	21.3	14.6	12.8	5.9	8.4	4.7	
9318  	вальс	вальс	s	8.2	14.0	7.3	7.9	23.7	8.8	10.5	
9319  	ван	ван	part	8.2	2.8	18.9	4.4	4.5	7.0	8.9	
9320  	вата	вата	s	8.2	13.1	15.9	11.5	11.9	9.5	4.8	
9321  	весь	весь	s	8.2	8.9	13.3	10.2	5.9	5.1	7.8	
9322  	восходить	восходить	v	8.2	5.0	4.3	6.0	7.4	4.8	7.4	
9323  	горючее	горючее	s	8.2	21.1	10.0	4.6	23.7	34.1	7.2	
9324  	дарование	дарование	s	8.2	3.5	4.1	5.7	13.3	15.4	12.4	
9325  	джунгли	джунгли	s	8.2	4.1	8.1	12.6	5.9	7.7	9.0	
9326  	добродетель	добродетель	s	8.2	3.5	5.4	6.2	13.3	17.2	7.5	
9327  	доходный	доходный	a	8.2	1.6	2.8	3.8	5.9	2.6	14.3	
9328  	затруднение	затруднение	s	8.2	8.0	5.1	5.1	20.8	18.0	7.7	
9329  	земляной	земляной	a	8.2	14.2	9.3	11.2	10.4	11.4	5.4	
9330  	изолят	изолят	s	8.2	0.0	0.0	0.0	0.0	0.0	0.0	
9331  	кайф	кайф	s	8.2	0.5	3.2	16.9	0.0	0.0	6.8	
9332  	карьер	карьер	s	8.2	10.3	6.4	7.0	3.0	4.4	6.3	
9333  	кнут	кнут	s	8.2	9.8	13.2	11.8	8.9	19.1	5.8	
9334  	кондиционер	кондиционер	s	8.2	0.7	1.9	6.1	0.0	1.1	14.1	
9335  	копаться	копаться	v	8.2	15.1	15.6	13.7	13.3	8.4	4.9	
9336  	креститься	креститься	v	8.2	5.5	8.4	12.3	8.9	6.2	6.2	
9337  	лепить	лепить	v	8.2	7.4	8.7	11.3	4.5	11.0	8.9	
9338  	лирика	лирика	s	8.2	2.5	5.0	5.6	16.3	16.9	10.9	
9339  	материк	материк	s	8.2	11.9	9.1	5.8	26.7	23.9	9.4	
9340  	маячить	маячить	v	8.2	11.2	14.6	16.4	1.5	5.5	5.3	
9341  	навязать	навязать	v	8.2	4.8	7.0	5.8	5.9	12.5	11.8	
9342  	намечаться	намечаться	v	8.2	4.6	5.8	6.5	13.3	20.2	10.2	
9343  	новгородский	новгородский	a	8.2	0.9	3.2	4.6	1.5	3.3	9.2	
9344  	обзавестись	обзавестись	v	8.2	3.2	5.8	10.5	4.5	4.8	11.2	
9345  	обитание	обитание	s	8.2	1.2	1.7	3.4	1.5	5.1	7.3	
9346  	обняться	обняться	v	8.2	12.9	14.6	16.9	5.9	7.3	4.5	
9347  	обобщенный	обобщенный	a	8.2	0.9	0.0	0.6	4.5	3.7	4.5	
9348  	оперетта	оперетта	s	8.2	1.4	3.1	2.1	10.4	25.3	16.8	
9349  	оратор	оратор	s	8.2	11.0	10.5	5.9	53.4	23.9	9.4	
9350  	ослабление	ослабление	s	8.2	2.1	0.8	1.0	1.5	7.7	10.6	
9351  	перераспределение	перераспределение	s	8.2	0.0	0.0	0.6	0.0	1.1	12.0	
9352  	побрести	побрести	v	8.2	14.5	17.9	20.3	0.0	2.6	2.2	
9353  	подделка	подделка	s	8.2	3.7	4.7	5.6	7.4	5.5	11.7	
9354  	постсоветский	постсоветский	a	8.2	0.0	0.0	1.6	0.0	0.0	17.0	
9355  	предъявление	предъявление	s	8.2	1.6	0.9	1.7	3.0	0.7	5.0	
9356  	преемник	преемник	s	8.2	3.9	1.7	2.9	3.0	5.9	15.1	
9357  	прилипнуть	прилипнуть	v	8.2	18.6	15.2	16.4	14.8	3.3	3.3	
9358  	примыкать	примыкать	v	8.2	3.2	4.1	5.8	8.9	16.5	8.0	
9359  	приписать	приписать	v	8.2	10.5	5.2	7.1	8.9	9.9	9.1	
9360  	проблематика	проблематика	s	8.2	0.0	0.0	0.0	0.0	0.0	8.0	
9361  	прокатиться	прокатиться	v	8.2	11.7	12.0	12.5	7.4	5.5	7.4	
9362  	пролетариат	пролетариат	s	8.2	1.2	6.7	8.6	19.3	24.2	8.4	
9363  	пропитать	пропитать	v	8.2	8.5	9.2	11.4	26.7	12.5	7.5	
9364  	протяженность	протяженность	s	8.2	2.1	1.4	1.9	4.5	10.6	8.6	
9365  	профсоюзный	профсоюзный	a	8.2	2.5	3.6	3.7	35.6	37.8	11.6	
9366  	пустовать	пустовать	v	8.2	7.8	9.2	12.0	5.9	12.8	8.2	
9367  	разыгрывать	разыгрывать	v	8.2	12.6	6.8	9.1	14.8	20.5	9.0	
9368  	распасться	распасться	v	8.2	4.6	6.7	9.9	10.4	10.3	9.0	
9369  	самочувствие	самочувствие	s	8.2	4.8	4.1	4.7	13.3	9.2	11.4	
9370  	светильник	светильник	s	8.2	7.1	5.5	7.6	7.4	1.8	9.3	
9371  	сирень	сирень	s	8.2	10.5	13.1	13.2	16.3	8.4	6.0	
9372  	сковородка	сковородка	s	8.2	8.5	10.4	15.4	4.5	5.9	5.0	
9373  	скудный	скудный	a	8.2	4.4	5.4	10.8	14.8	13.6	8.6	
9374  	следующее	следующее	s	8.2	1.8	1.7	3.4	5.9	4.4	9.8	
9375  	сокол	сокол	s	8.2	9.4	4.7	9.7	7.4	4.0	11.1	
9376  	строфа	строфа	s	8.2	2.1	3.7	3.5	16.3	21.3	8.5	
9377  	топливный	топливный	a	8.2	1.1	0.8	0.0	3.0	3.7	11.2	
9378  	торопить	торопить	v	8.2	18.3	13.2	13.2	5.9	10.6	5.7	
9379  	трубочка	трубочка	s	8.2	14.7	12.3	13.9	3.0	7.3	4.5	
9380  	уборщица	уборщица	s	8.2	16.5	10.5	13.4	3.0	8.1	6.5	
9381  	увлекательный	увлекательный	a	8.2	5.1	4.6	5.8	7.4	12.5	12.0	
9382  	усатый	усатый	a	8.2	16.3	16.4	18.2	3.0	4.8	3.0	
9383  	ухмыльнуться	ухмыльнуться	v	8.2	11.5	9.6	25.5	0.0	1.1	1.3	
9384  	фаворит	фаворит	s	8.2	0.0	6.8	4.7	5.9	3.3	15.2	
9385  	черед	черед	s	8.2	6.6	12.5	13.2	1.5	12.5	7.6	
9386  	чукча	чукча	s	8.2	0.0	2.0	21.7	0.0	1.5	6.2	
9387  	шестерка	шестерка	s	8.2	3.7	4.9	12.9	0.0	2.6	10.4	
9388  	шляпка	шляпка	s	8.2	22.0	11.2	12.6	4.5	6.2	5.9	
9389  	арендатор	арендатор	s	8.1	0.0	0.5	1.6	0.0	1.8	10.4	
9390  	арендовать	арендовать	v	8.1	0.9	0.8	5.2	0.0	2.9	13.4	
9391  	балерина	балерина	s	8.1	6.9	6.1	5.8	20.8	11.7	13.2	
9392  	безобидный	безобидный	a	8.1	5.5	9.6	10.2	10.4	6.6	9.5	
9393  	береговой	береговой	a	8.1	7.1	10.2	4.0	3.0	11.0	7.3	
9394  	бесполезно	бесполезно	adv	8.1	9.2	8.7	12.4	10.4	8.1	7.1	
9395  	бессилие	бессилие	s	8.1	12.4	14.1	10.6	3.0	8.8	6.5	
9396  	богиня	богиня	s	8.1	7.8	8.1	13.6	1.5	6.2	7.2	
9397  	бомбардировщик	бомбардировщик	s	8.1	19.3	7.3	2.3	0.0	17.6	9.5	
9398  	броня	броня	s	8.1	19.1	7.2	14.0	3.0	9.9	6.2	
9399  	валять	валять	v	8.1	24.6	19.4	13.1	3.0	3.3	3.4	
9400  	возводить	возводить	v	8.1	4.4	3.8	5.5	3.0	13.9	11.0	
9401  	возня	возня	s	8.1	12.6	14.7	15.3	5.9	8.1	5.0	
9402  	выговор	выговор	s	8.1	16.7	12.4	7.9	23.7	12.5	8.2	
9403  	выкладывать	выкладывать	v	8.1	10.3	10.0	14.5	1.5	4.8	5.4	
9404  	грим	грим	s	8.1	6.4	3.7	6.9	11.9	28.2	12.1	
9405  	грядка	грядка	s	8.1	7.3	11.5	10.0	4.5	9.9	7.8	
9406  	действо	действо	s	8.1	0.3	3.1	6.0	1.5	4.4	13.7	
9407  	диссидент	диссидент	s	8.1	0.0	4.3	10.2	0.0	1.1	12.6	
9408  	жрец	жрец	s	8.1	3.4	8.4	19.4	7.4	1.5	3.4	
9409  	игрушечный	игрушечный	a	8.1	11.9	15.3	12.1	16.3	9.9	6.5	
9410  	извлечение	извлечение	s	8.1	1.1	0.9	1.6	0.0	3.7	6.0	
9411  	индикатор	индикатор	s	8.1	5.5	3.6	3.1	0.0	0.0	5.9	
9412  	инициировать	инициировать	v	8.1	0.0	0.0	2.1	0.0	0.0	13.8	
9413  	каковой	каковой	apro	8.1	2.8	5.1	10.0	7.4	5.5	10.3	
9414  	камешек	камешек	s	8.1	14.5	15.3	14.2	7.4	9.9	3.8	
9415  	каска	каска	s	8.1	22.7	14.3	9.1	0.0	9.5	7.5	
9416  	кверху	кверху	adv	8.1	27.6	14.7	11.3	23.7	9.9	2.4	
9417  	колпак	колпак	s	8.1	17.7	13.6	12.6	14.8	8.8	5.2	
9418  	коммуна	коммуна	s	8.1	6.9	9.6	9.7	11.9	19.1	6.9	
9419  	мгла	мгла	s	8.1	17.4	17.9	13.3	17.8	11.4	3.8	
9420  	мел	мел	s	8.1	14.4	14.6	11.9	11.9	6.2	5.4	
9421  	метнуться	метнуться	v	8.1	18.8	16.2	19.7	0.0	2.9	1.8	
9422  	мотать	мотать	v	8.1	22.7	17.4	15.9	4.5	2.2	2.8	
9423  	мрамор	мрамор	s	8.1	7.6	9.8	10.2	13.3	6.6	7.8	
9424  	мятый	мятый	a	8.1	14.4	13.6	19.7	7.4	2.2	2.7	
9425  	назначаться	назначаться	v	8.1	4.4	2.9	1.4	4.5	7.0	8.5	
9426  	недорогой	недорогой	a	8.1	2.8	3.2	5.5	4.5	5.9	12.9	
9427  	нечаянно	нечаянно	adv	8.1	14.9	17.6	13.5	4.5	4.8	4.2	
9428  	оборотень	оборотень	s	8.1	2.7	3.3	9.9	1.5	0.0	13.1	
9429  	объединиться	объединиться	v	8.1	3.5	3.2	4.4	11.9	8.8	13.8	
9430  	останки	останки	s	8.1	3.4	8.6	7.6	1.5	4.8	11.4	
9431  	откровенность	откровенность	s	8.1	13.7	11.9	11.4	7.4	17.6	6.8	
9432  	ошеломить	ошеломить	v	8.1	16.5	11.4	11.3	13.3	13.9	7.0	
9433  	победный	победный	a	8.1	4.8	8.4	7.5	7.4	9.9	11.4	
9434  	подготовиться	подготовиться	v	8.1	9.2	8.1	7.3	22.2	8.8	10.3	
9435  	подтянуть	подтянуть	v	8.1	19.7	15.2	12.0	1.5	6.6	5.1	
9436  	полководец	полководец	s	8.1	10.3	8.9	7.9	11.9	8.1	9.9	
9437  	потреблять	потреблять	v	8.1	2.3	3.3	3.6	3.0	7.3	11.7	
9438  	предписание	предписание	s	8.1	3.2	8.1	3.0	4.5	12.8	8.4	
9439  	проваливаться	проваливаться	v	8.1	14.2	14.3	13.3	7.4	5.9	5.5	
9440  	продержаться	продержаться	v	8.1	5.5	8.6	8.5	10.4	11.4	10.5	
9441  	пьяный	пьяный	s	8.1	11.0	12.3	15.6	4.5	8.1	5.5	
9442  	равномерно	равномерно	adv	8.1	5.3	3.2	3.8	1.5	7.0	6.2	
9443  	радуга	радуга	s	8.1	10.8	9.1	11.3	13.3	6.2	7.7	
9444  	разозлиться	разозлиться	v	8.1	10.8	14.7	19.2	1.5	4.4	3.0	
9445  	расхождение	расхождение	s	8.1	2.7	2.7	1.5	4.5	12.1	7.9	
9446  	реактивный	реактивный	a	8.1	8.9	6.7	4.3	8.9	12.1	9.6	
9447  	регулятор	регулятор	s	8.1	4.4	1.5	5.8	1.5	3.3	4.7	
9448  	репродукция	репродукция	s	8.1	6.0	4.7	4.0	23.7	7.0	5.1	
9449  	рушиться	рушиться	v	8.1	10.5	13.4	10.1	10.4	7.3	8.1	
9450  	салют	салют	s	8.1	9.2	9.6	6.2	3.0	14.7	9.3	
9451  	сверток	сверток	s	8.1	17.7	14.4	17.2	8.9	6.6	2.9	
9452  	сдвинуться	сдвинуться	v	8.1	13.7	13.3	13.3	7.4	8.1	5.3	
9453  	сжатый	сжатый	a	8.1	16.8	7.8	7.5	7.4	8.1	7.0	
9454  	смежный	смежный	a	8.1	4.4	5.1	5.1	8.9	8.8	6.2	
9455  	сокровенный	сокровенный	a	8.1	8.0	9.7	8.9	14.8	7.0	8.4	
9456  	стихнуть	стихнуть	v	8.1	16.3	15.3	16.4	5.9	5.5	3.7	
9457  	стянуть	стянуть	v	8.1	17.2	16.0	17.6	1.5	4.8	2.7	
9458  	указательный	указательный	a	8.1	11.2	7.9	17.5	3.0	2.2	4.1	
9459  	употребить	употребить	v	8.1	6.6	8.6	8.3	7.4	9.5	7.0	
9460  	условность	условность	s	8.1	3.4	7.8	6.6	20.8	16.9	8.5	
9461  	ха	ха	intj	8.1	19.1	7.4	12.7	3.0	0.7	3.4	
9462  	цветение	цветение	s	8.1	3.2	2.8	3.3	5.9	6.2	8.7	
9463  	черно-белый	черно-белый	a	8.1	1.9	5.0	10.4	1.5	4.0	10.8	
9464  	шарить	шарить	v	8.1	20.4	19.6	16.3	3.0	6.6	2.1	
9465  	шататься	шататься	v	8.1	15.2	15.7	16.7	7.4	4.8	3.5	
9466  	шахтер	шахтер	s	8.1	6.9	3.3	5.6	14.8	15.0	12.2	
9467  	языческий	языческий	a	8.1	2.5	2.8	4.9	1.5	5.9	7.2	
9468  	актуальность	актуальность	s	8.0	0.0	0.0	0.7	3.0	0.7	9.6	
9469  	баржа	баржа	s	8.0	26.9	9.7	9.5	22.2	30.1	5.0	
9470  	беседка	беседка	s	8.0	18.6	6.5	8.5	5.9	5.5	6.1	
9471  	блистательный	блистательный	a	8.0	2.7	7.4	5.2	7.4	9.2	12.9	
9472  	брезгливо	брезгливо	adv	8.0	15.8	14.7	18.9	5.9	2.6	2.7	
9473  	воз	воз	s	8.0	14.9	10.2	5.2	5.9	6.2	5.4	
9474  	возвышенный	возвышенный	a	8.0	5.7	7.8	7.4	5.9	15.0	8.3	
9475  	воспаление	воспаление	s	8.0	6.6	8.4	5.0	4.5	13.9	9.0	
9476  	вписать	вписать	v	8.0	5.8	3.1	6.0	5.9	7.0	10.8	
9477  	вполголоса	вполголоса	adv	8.0	26.2	15.9	13.3	7.4	12.5	3.3	
9478  	вынырнуть	вынырнуть	v	8.0	18.4	13.9	17.7	1.5	3.7	3.1	
9479  	говно	говно	s	8.0	0.7	6.3	23.3	0.0	2.2	3.5	
9480  	двойник	двойник	s	8.0	2.5	5.0	13.8	5.9	4.8	7.7	
9481  	дебют	дебют	s	8.0	0.9	1.1	2.1	7.4	9.5	17.8	
9482  	девиз	девиз	s	8.0	4.2	4.0	5.2	14.8	12.8	12.1	
9483  	длительность	длительность	s	8.0	3.2	1.4	1.3	5.9	3.3	4.8	
9484  	доминировать	доминировать	v	8.0	0.5	0.0	1.0	3.0	2.6	11.0	
9485  	задумчивый	задумчивый	a	8.0	20.6	15.2	14.2	10.4	4.4	4.2	
9486  	затормозить	затормозить	v	8.0	12.4	9.2	14.3	4.5	4.4	5.8	
9487  	зубр	зубр	s	8.0	1.9	76.0	1.6	0.0	1.8	2.0	
9488  	идол	идол	s	8.0	3.7	7.4	12.4	5.9	7.0	7.1	
9489  	извинение	извинение	s	8.0	6.6	12.4	10.5	3.0	10.6	7.7	
9490  	капризный	капризный	a	8.0	7.3	11.9	9.5	10.4	6.6	8.5	
9491  	климатический	климатический	a	8.0	2.1	1.0	1.5	7.4	4.8	8.7	
9492  	ключик	ключик	s	8.0	2.7	60.9	6.1	1.5	3.3	2.4	
9493  	комбат	комбат	s	8.0	53.7	23.0	4.1	0.0	5.1	3.8	
9494  	комнатный	комнатный	a	8.0	3.2	5.0	4.7	3.0	5.9	6.0	
9495  	кооперация	кооперация	s	8.0	0.3	0.0	0.7	0.0	20.9	9.5	
9496  	крушение	крушение	s	8.0	6.0	5.5	5.5	7.4	14.3	11.3	
9497  	лень	лень	s	8.0	34.0	7.0	7.8	5.9	5.5	5.9	
9498  	лира	лира	s	8.0	4.2	2.9	4.9	29.6	27.5	8.2	
9499  	ложечка	ложечка	s	8.0	15.9	13.4	15.9	3.0	7.7	3.1	
9500  	лошадка	лошадка	s	8.0	16.3	14.6	12.7	0.0	12.1	5.1	
9501  	макет	макет	s	8.0	8.0	2.4	4.0	19.3	8.1	10.2	
9502  	матрас	матрас	s	8.0	8.2	13.3	16.5	7.4	7.0	4.2	
9503  	мигрант	мигрант	s	8.0	0.0	0.0	0.0	0.0	0.0	11.1	
9504  	миграционный	миграционный	a	8.0	0.0	0.0	0.0	0.0	0.0	13.2	
9505  	мнимый	мнимый	a	8.0	10.5	6.1	7.7	22.2	12.1	8.1	
9506  	нависнуть	нависнуть	v	8.0	15.4	13.4	13.0	8.9	11.4	5.3	
9507  	наподобие	наподобие	pr	8.0	5.1	6.7	11.3	5.9	7.7	8.3	
9508  	напрочь	напрочь	adv	8.0	3.0	6.0	13.4	1.5	3.3	9.4	
9509  	нестандартный	нестандартный	a	8.0	0.0	1.5	4.4	0.0	2.2	10.9	
9510  	неуловимый	неуловимый	a	8.0	10.6	9.8	12.1	7.4	8.8	6.7	
9511  	обучить	обучить	v	8.0	6.9	6.0	8.9	10.4	10.6	9.5	
9512  	окружной	окружной	a	8.0	2.7	3.2	3.2	11.9	9.5	10.9	
9513  	опека	опека	s	8.0	2.8	1.9	4.3	7.4	7.3	8.7	
9514  	отросток	отросток	s	8.0	3.7	1.5	2.5	1.5	0.7	1.3	
9515  	оттолкнуть	оттолкнуть	v	8.0	19.3	17.1	15.6	7.4	6.6	2.8	
9516  	отчетный	отчетный	a	8.0	3.0	1.7	0.6	4.5	7.0	8.4	
9517  	патруль	патруль	s	8.0	15.6	13.1	12.4	0.0	8.1	6.4	
9518  	пельмень	пельмень	s	8.0	4.8	7.2	12.6	0.0	3.3	6.5	
9519  	переменная	переменная	s	8.0	0.0	0.0	0.0	0.0	0.0	0.8	
9520  	плот	плот	s	8.0	36.2	7.9	9.9	14.8	12.5	4.6	
9521  	поглощать	поглощать	v	8.0	6.0	5.4	8.6	8.9	5.9	8.1	
9522  	погреб	погреб	s	8.0	11.7	15.6	12.8	8.9	7.7	4.1	
9523  	поди	поди	intj	8.0	12.9	17.5	13.3	4.5	2.6	5.5	
9524  	подол	подол	s	8.0	18.3	16.6	17.1	3.0	2.2	2.9	
9525  	помянуть	помянуть	v	8.0	4.1	12.0	14.4	3.0	5.5	6.5	
9526  	поощрять	поощрять	v	8.0	4.6	5.0	6.7	14.8	15.0	9.7	
9527  	почет	почет	s	8.0	10.8	9.2	6.0	13.3	12.5	10.4	
9528  	предназначаться	предназначаться	v	8.0	6.9	5.1	6.9	10.4	8.1	9.5	
9529  	предсказание	предсказание	s	8.0	6.2	4.0	6.2	14.8	9.2	9.1	
9530  	прижиматься	прижиматься	v	8.0	22.0	16.2	14.4	3.0	7.0	2.9	
9531  	проклятие	проклятие	s	8.0	7.3	9.1	13.6	10.4	8.4	6.7	
9532  	пронизать	пронизать	v	8.0	11.3	6.9	6.0	4.5	9.5	7.3	
9533  	просматриваться	просматриваться	v	8.0	3.0	5.8	8.0	1.5	5.5	10.2	
9534  	разрушительный	разрушительный	a	8.0	4.4	1.9	4.2	4.5	9.5	12.0	
9535  	рассеянно	рассеянно	adv	8.0	25.0	16.9	17.5	5.9	5.5	1.3	
9536  	реформатор	реформатор	s	8.0	0.5	0.0	0.9	1.5	1.1	17.1	
9537  	сверкающий	сверкающий	a	8.0	17.2	15.6	13.7	19.3	10.6	4.2	
9538  	светофор	светофор	s	8.0	6.9	8.3	12.7	1.5	3.3	7.8	
9539  	следование	следование	s	8.0	3.7	2.4	3.8	4.5	4.0	8.2	
9540  	слушание	слушание	s	8.0	0.0	1.5	1.8	7.4	2.2	15.4	
9541  	снайпер	снайпер	s	8.0	5.7	4.3	8.9	0.0	2.6	12.5	
9542  	совокупный	совокупный	a	8.0	0.0	0.0	0.6	0.0	2.6	10.6	
9543  	спасатель	спасатель	s	8.0	0.0	5.9	4.1	1.5	1.1	15.1	
9544  	спровоцировать	спровоцировать	v	8.0	1.6	1.5	5.5	3.0	2.9	13.6	
9545  	техник	техник	s	8.0	16.5	10.1	4.9	22.2	11.7	8.0	
9546  	толща	толща	s	8.0	9.0	7.0	7.5	10.4	7.3	3.8	
9547  	треснуть	треснуть	v	8.0	14.2	13.1	18.5	4.5	1.5	3.0	
9548  	трос	трос	s	8.0	21.6	15.2	5.3	7.4	7.7	7.4	
9549  	финальный	финальный	a	8.0	0.9	1.5	3.9	5.9	4.8	15.9	
9550  	футляр	футляр	s	8.0	12.8	13.4	14.5	22.2	2.6	4.5	
9551  	чашечка	чашечка	s	8.0	5.5	13.4	14.8	4.5	3.3	5.5	
9552  	череда	череда	s	8.0	5.1	3.8	8.6	10.4	5.1	11.6	
9553  	чинить	чинить	v	8.0	15.6	11.4	10.6	11.9	10.6	6.6	
9554  	эксплуатационный	эксплуатационный	a	8.0	0.0	0.0	0.0	0.0	0.0	6.8	
9555  	азот	азот	s	7.9	2.3	0.0	0.8	1.5	3.3	6.2	
9556  	бессонница	бессонница	s	7.9	11.5	12.2	10.8	1.5	13.9	6.7	
9557  	весомый	весомый	a	7.9	1.9	2.9	4.7	3.0	9.2	11.8	
9558  	вникать	вникать	v	7.9	4.8	9.8	11.3	22.2	12.8	7.4	
9559  	встревожить	встревожить	v	7.9	18.6	13.8	12.0	3.0	9.5	5.4	
9560  	встрепенуться	встрепенуться	v	7.9	10.1	16.1	18.7	1.5	5.5	2.7	
9561  	вывоз	вывоз	s	7.9	1.6	1.0	2.2	1.5	8.8	13.0	
9562  	выругаться	выругаться	v	7.9	23.4	15.1	18.7	4.5	2.9	1.5	
9563  	гостиничный	гостиничный	a	7.9	2.5	4.6	9.5	3.0	4.8	11.4	
9564  	добродушный	добродушный	a	7.9	17.6	15.1	9.5	8.9	25.7	5.8	
9565  	дядюшка	дядюшка	s	7.9	5.8	20.5	18.2	3.0	0.0	3.6	
9566  	завоевание	завоевание	s	7.9	5.5	4.7	2.5	8.9	18.0	11.2	
9567  	завтракать	завтракать	v	7.9	14.7	14.6	13.3	7.4	7.3	4.8	
9568  	заготовить	заготовить	v	7.9	10.6	7.5	8.2	38.5	17.2	7.8	
9569  	заметать	заметать	v	7.9	5.5	5.9	7.8	26.7	7.0	10.9	
9570  	запускать	запускать	v	7.9	6.2	7.3	7.7	4.5	7.7	9.8	
9571  	зрелость	зрелость	s	7.9	5.1	5.1	4.5	16.3	10.6	9.6	
9572  	исповедовать	исповедовать	v	7.9	1.9	3.5	3.2	3.0	5.9	10.6	
9573  	карабин	карабин	s	7.9	14.2	10.5	12.6	3.0	5.1	4.0	
9574  	клан	клан	s	7.9	1.4	1.9	7.1	0.0	4.8	12.9	
9575  	кобура	кобура	s	7.9	16.5	16.4	17.1	3.0	4.4	2.5	
9576  	коммуналка	коммуналка	s	7.9	0.0	5.1	13.7	0.0	1.1	10.4	
9577  	краб	краб	s	7.9	8.0	13.1	14.2	7.4	0.7	6.1	
9578  	круговой	круговой	a	7.9	6.0	2.9	5.2	1.5	8.4	8.9	
9579  	ласкать	ласкать	v	7.9	6.2	9.5	16.5	5.9	6.6	4.5	
9580  	личико	личико	s	7.9	16.8	11.1	17.5	3.0	2.9	3.3	
9581  	малость	малость	s	7.9	14.0	17.0	12.6	5.9	7.0	3.9	
9582  	миленький	миленький	a	7.9	19.5	19.6	13.9	1.5	2.9	3.2	
9583  	мохнатый	мохнатый	a	7.9	24.6	13.1	14.6	11.9	5.9	3.2	
9584  	мстить	мстить	v	7.9	9.2	8.6	13.4	5.9	11.0	6.8	
9585  	наемный	наемный	a	7.9	1.6	3.7	6.6	4.5	2.9	10.8	
9586  	настоятель	настоятель	s	7.9	1.6	0.0	3.5	1.5	2.6	12.1	
9587  	обменяться	обменяться	v	7.9	11.5	6.7	10.8	10.4	13.2	6.9	
9588  	обогнать	обогнать	v	7.9	12.6	12.4	8.6	8.9	8.4	8.7	
9589  	оживать	оживать	v	7.9	9.8	10.5	11.5	4.5	11.7	6.5	
9590  	опорный	опорный	a	7.9	1.9	2.2	2.3	7.4	13.2	8.6	
9591  	отложение	отложение	s	7.9	0.7	0.5	0.6	0.0	0.0	2.5	
9592  	перевезти	перевезти	v	7.9	9.8	6.5	8.6	17.8	9.5	9.2	
9593  	перечисленный	перечисленный	a	7.9	0.5	0.0	0.9	3.0	3.7	8.5	
9594  	печенье	печенье	s	7.9	7.6	7.9	13.4	8.9	12.5	6.3	
9595  	платочек	платочек	s	7.9	21.8	19.8	12.7	3.0	5.9	3.6	
9596  	пожертвовать	пожертвовать	v	7.9	8.0	8.8	7.0	4.5	9.2	10.2	
9597  	половинка	половинка	s	7.9	8.9	8.7	10.7	4.5	3.7	6.6	
9598  	попутно	попутно	adv	7.9	3.5	5.6	8.1	8.9	7.7	10.7	
9599  	посвящать	посвящать	v	7.9	3.5	5.8	7.7	19.3	9.2	9.4	
9600  	презумпция	презумпция	s	7.9	0.3	0.8	0.9	0.0	2.2	3.5	
9601  	проклинать	проклинать	v	7.9	11.5	12.3	13.5	1.5	11.0	5.6	
9602  	прокричать	прокричать	v	7.9	12.2	21.1	14.7	4.5	1.8	3.9	
9603  	пролить	пролить	v	7.9	7.8	9.5	11.5	8.9	7.0	6.6	
9604  	пронести	пронести	v	7.9	9.4	11.2	10.0	1.5	7.7	7.7	
9605  	протоиерей	протоиерей	s	7.9	0.0	0.9	1.1	1.5	4.4	9.6	
9606  	рента	рента	s	7.9	0.0	0.0	0.0	0.0	0.7	11.2	
9607  	рогатый	рогатый	a	7.9	4.8	18.5	8.4	10.4	2.9	3.3	
9608  	свершиться	свершиться	v	7.9	6.9	8.2	9.0	7.4	7.3	9.1	
9609  	семидесятый	семидесятый	anum	7.9	1.2	4.6	6.6	4.5	9.5	12.8	
9610  	сжигать	сжигать	v	7.9	8.9	8.4	9.7	5.9	7.3	8.0	
9611  	символика	символика	s	7.9	0.7	0.6	3.0	4.5	2.6	9.6	
9612  	синева	синева	s	7.9	17.7	17.3	14.8	29.6	5.5	3.2	
9613  	скандальный	скандальный	a	7.9	3.5	4.0	4.4	5.9	4.4	15.1	
9614  	сколько-нибудь	сколько-нибудь	advpro	7.9	3.7	4.6	5.2	7.4	8.8	10.6	
9615  	скоростной	скоростной	a	7.9	1.9	1.8	2.6	7.4	5.1	12.8	
9616  	славиться	славиться	v	7.9	6.7	5.9	6.6	4.5	16.9	10.4	
9617  	сладость	сладость	s	7.9	5.8	9.3	11.0	5.9	9.5	7.1	
9618  	смешаться	смешаться	v	7.9	15.8	14.7	13.8	8.9	8.8	4.4	
9619  	создаться	создаться	v	7.9	9.2	6.8	4.2	7.4	27.1	9.4	
9620  	соловей	соловей	s	7.9	8.5	10.1	11.8	8.9	10.3	7.4	
9621  	строгость	строгость	s	7.9	10.1	9.2	8.3	17.8	9.2	7.6	
9622  	супермаркет	супермаркет	s	7.9	0.0	0.6	12.0	0.0	0.0	11.4	
9623  	теленок	теленок	s	7.9	16.7	11.4	7.1	20.8	11.4	6.1	
9624  	уменьшать	уменьшать	v	7.9	3.9	1.5	1.3	3.0	5.1	9.0	
9625  	усаживаться	усаживаться	v	7.9	24.8	15.7	12.9	7.4	10.6	3.6	
9626  	ухудшение	ухудшение	s	7.9	1.2	0.6	1.0	3.0	4.4	10.8	
9627  	цепной	цепной	a	7.9	2.3	4.0	3.7	4.5	4.8	6.3	
9628  	церка	церка	s	7.9	0.0	0.0	0.0	0.0	0.0	0.0	
9629  	шоколадный	шоколадный	a	7.9	4.8	10.6	9.5	8.9	5.1	6.8	
9630  	аплодировать	аплодировать	v	7.8	6.9	10.5	5.8	17.8	23.5	10.6	
9631  	башмак	башмак	s	7.8	10.3	10.2	14.2	7.4	13.9	4.5	
9632  	больная	больная	s	7.8	6.0	16.0	9.7	7.4	2.6	4.2	
9633  	весить	весить	v	7.8	8.3	4.3	6.4	11.9	8.8	9.3	
9634  	владимирский	владимирский	a	7.8	3.0	2.9	2.8	3.0	8.1	10.8	
9635  	вовлечь	вовлечь	v	7.8	1.9	3.1	4.0	10.4	7.0	10.2	
9636  	восторженно	восторженно	adv	7.8	11.9	12.8	11.6	14.8	8.8	6.8	
9637  	всего-то	всего-то	adv	7.8	5.0	8.1	14.0	1.5	4.4	7.6	
9638  	вышестоящий	вышестоящий	a	7.8	3.9	3.3	3.4	1.5	9.2	7.6	
9639  	господство	господство	s	7.8	4.2	2.0	1.9	1.5	7.7	10.4	
9640  	докторский	докторский	a	7.8	5.8	7.5	7.8	3.0	4.0	8.9	
9641  	духовность	духовность	s	7.8	0.0	1.8	6.2	1.5	7.0	11.2	
9642  	завершаться	завершаться	v	7.8	0.9	0.9	3.9	10.4	4.8	11.2	
9643  	закусывать	закусывать	v	7.8	10.5	15.6	15.1	5.9	2.2	5.0	
9644  	засесть	засесть	v	7.8	8.7	11.8	11.9	5.9	8.1	7.4	
9645  	затаиться	затаиться	v	7.8	11.2	15.2	15.7	11.9	4.4	4.4	
9646  	идеолог	идеолог	s	7.8	0.7	7.8	1.6	8.9	9.2	14.3	
9647  	израильтянин	израильтянин	s	7.8	0.0	0.9	1.4	0.0	1.5	16.7	
9648  	каток	каток	s	7.8	6.6	5.8	5.3	3.0	7.7	12.1	
9649  	колокольня	колокольня	s	7.8	9.2	10.0	8.2	3.0	4.4	8.1	
9650  	кудрявый	кудрявый	a	7.8	10.8	12.3	15.5	7.4	4.4	4.8	
9651  	курировать	курировать	v	7.8	0.9	0.5	3.2	0.0	3.3	16.7	
9652  	лень	лень	adv	7.8	12.4	10.1	10.1	0.0	4.0	5.9	
9653  	льготный	льготный	a	7.8	0.0	0.6	2.1	0.0	5.9	14.6	
9654  	лютый	лютый	a	7.8	5.8	12.5	14.1	4.5	13.2	5.6	
9655  	метель	метель	s	7.8	21.3	14.4	9.4	11.9	10.3	6.0	
9656  	морально	морально	adv	7.8	4.4	4.9	4.4	5.9	12.5	11.7	
9657  	мученик	мученик	s	7.8	5.0	5.2	4.2	10.4	9.5	7.0	
9658  	надзиратель	надзиратель	s	7.8	29.4	13.1	5.2	5.9	42.9	5.7	
9659  	насчитываться	насчитываться	v	7.8	0.7	1.8	1.2	8.9	7.3	12.6	
9660  	негосударственный	негосударственный	a	7.8	0.0	0.0	0.0	0.0	0.0	14.0	
9661  	немаловажный	немаловажный	a	7.8	1.1	2.9	1.9	7.4	8.8	12.5	
9662  	неудобство	неудобство	s	7.8	6.0	7.8	9.2	13.3	8.1	8.0	
9663  	обжечь	обжечь	v	7.8	17.2	12.9	13.9	7.4	9.2	3.6	
9664  	оборотный	оборотный	a	7.8	2.1	1.8	2.2	1.5	7.0	8.8	
9665  	оправдаться	оправдаться	v	7.8	10.6	6.7	7.2	13.3	14.3	9.4	
9666  	оскорблять	оскорблять	v	7.8	10.3	13.6	7.7	10.4	8.1	7.4	
9667  	отрыв	отрыв	s	7.8	2.1	2.9	2.7	10.4	7.3	11.9	
9668  	переливаться	переливаться	v	7.8	15.9	10.6	14.2	13.3	4.4	4.3	
9669  	плодотворный	плодотворный	a	7.8	3.9	2.2	1.5	14.8	7.3	10.2	
9670  	подозреваемый	подозреваемый	s	7.8	0.0	0.6	8.6	1.5	1.1	7.8	
9671  	подпрыгивать	подпрыгивать	v	7.8	20.9	18.8	13.7	0.0	4.0	3.6	
9672  	подпрыгнуть	подпрыгнуть	v	7.8	16.7	18.8	17.5	1.5	2.2	2.3	
9673  	подставлять	подставлять	v	7.8	12.4	11.9	13.7	4.5	5.5	4.9	
9674  	подыматься	подыматься	v	7.8	29.8	22.1	9.8	16.3	8.4	2.9	
9675  	полумрак	полумрак	s	7.8	12.1	15.1	18.1	10.4	4.8	2.3	
9676  	потомство	потомство	s	7.8	4.8	6.3	6.9	4.5	11.7	6.7	
9677  	приведение	приведение	s	7.8	1.6	1.1	1.3	1.5	3.3	8.0	
9678  	приветливый	приветливый	a	7.8	12.8	13.3	9.7	14.8	14.3	6.9	
9679  	приказание	приказание	s	7.8	40.1	16.4	6.1	3.0	7.7	1.7	
9680  	примирение	примирение	s	7.8	4.2	4.9	5.2	7.4	6.2	9.5	
9681  	присмотреться	присмотреться	v	7.8	10.8	8.2	13.0	7.4	10.6	6.0	
9682  	прогуливаться	прогуливаться	v	7.8	8.0	12.7	11.3	5.9	8.1	7.6	
9683  	проповедовать	проповедовать	v	7.8	6.0	4.3	4.0	10.4	5.5	7.8	
9684  	просматривать	просматривать	v	7.8	12.8	10.0	8.5	5.9	15.4	7.7	
9685  	разгадать	разгадать	v	7.8	14.2	9.6	10.0	4.5	15.4	7.3	
9686  	разоблачение	разоблачение	s	7.8	5.1	5.0	5.7	7.4	15.8	11.8	
9687  	сводка	сводка	s	7.8	20.2	9.3	7.5	7.4	9.5	8.2	
9688  	сердитый	сердитый	a	7.8	32.6	17.4	10.7	11.9	5.5	3.5	
9689  	скосить	скосить	v	7.8	16.8	14.6	13.9	7.4	6.6	3.7	
9690  	смущаться	смущаться	v	7.8	10.5	12.5	12.8	10.4	10.6	5.6	
9691  	сопоставимый	сопоставимый	a	7.8	0.0	0.0	0.0	0.0	1.8	11.2	
9692  	струйка	струйка	s	7.8	12.9	13.7	18.2	4.5	4.8	2.7	
9693  	твердость	твердость	s	7.8	11.5	10.5	7.0	11.9	13.9	6.3	
9694  	тестирование	тестирование	s	7.8	0.0	0.0	0.7	0.0	0.0	7.5	
9695  	тряхнуть	тряхнуть	v	7.8	21.6	17.5	17.5	3.0	2.9	1.8	
9696  	уклон	уклон	s	7.8	5.3	7.8	5.3	10.4	7.3	8.8	
9697  	умелый	умелый	a	7.8	8.5	7.0	8.2	19.3	11.4	8.0	
9698  	унаследовать	унаследовать	v	7.8	3.0	5.5	5.4	10.4	8.8	9.1	
9699  	уплатить	уплатить	v	7.8	4.4	5.9	5.1	7.4	4.4	9.2	
9700  	урна	урна	s	7.8	7.3	11.6	10.8	11.9	3.7	7.9	
9701  	устремить	устремить	v	7.8	16.5	11.0	10.0	10.4	6.2	5.3	
9702  	утечка	утечка	s	7.8	1.8	2.9	5.3	1.5	4.4	10.4	
9703  	фигурный	фигурный	a	7.8	3.2	4.5	4.1	0.0	7.0	13.8	
9704  	финн	финн	s	7.8	1.9	4.3	6.5	3.0	5.9	13.0	
9705  	фыркнуть	фыркнуть	v	7.8	19.3	13.8	20.2	0.0	2.2	1.3	
9706  	шахматист	шахматист	s	7.8	3.2	3.1	2.2	14.8	9.5	16.3	
9707  	шприц	шприц	s	7.8	6.0	7.2	12.7	3.0	7.7	5.1	
9708  	энергетик	энергетик	s	7.8	2.8	1.5	0.7	4.5	1.8	17.7	
9709  	буйный	буйный	a	7.7	10.8	10.4	11.5	7.4	8.1	6.6	
9710  	веник	веник	s	7.7	15.8	13.8	12.6	16.3	4.4	5.0	
9711  	воспроизводить	воспроизводить	v	7.7	2.7	2.3	3.7	13.3	9.9	8.0	
9712  	высыпать	высыпать	v	7.7	16.5	13.6	13.6	3.0	9.9	4.4	
9713  	генератор	генератор	s	7.7	7.6	1.0	2.8	0.0	3.7	6.4	
9714  	герб	герб	s	7.7	4.4	5.1	6.6	20.8	9.9	9.2	
9715  	грамотно	грамотно	adv	7.7	1.4	3.5	5.4	5.9	3.7	12.3	
9716  	графиня	графиня	s	7.7	14.5	10.7	5.0	19.3	2.9	9.0	
9717  	гримаса	гримаса	s	7.7	11.9	12.9	16.6	4.5	9.2	3.9	
9718  	девятнадцатый	девятнадцатый	anum	7.7	13.1	13.8	9.3	11.9	12.1	5.9	
9719  	дурачок	дурачок	s	7.7	14.7	21.7	14.9	3.0	5.9	2.3	
9720  	житься	житься	v	7.7	12.1	10.1	6.8	7.4	20.9	8.4	
9721  	жулик	жулик	s	7.7	12.4	12.9	10.1	8.9	9.5	7.3	
9722  	закрепление	закрепление	s	7.7	0.0	0.6	0.0	0.0	4.8	8.2	
9723  	зацепить	зацепить	v	7.7	10.3	9.5	16.4	1.5	4.4	4.8	
9724  	звериный	звериный	a	7.7	12.1	11.5	13.5	16.3	5.1	5.0	
9725  	зов	зов	s	7.7	8.9	10.1	11.5	4.5	7.3	6.3	
9726  	иль	иль	conj	7.7	7.1	12.5	11.4	7.4	4.0	6.3	
9727  	калибр	калибр	s	7.7	4.8	5.9	7.7	3.0	4.8	9.4	
9728  	картонный	картонный	a	7.7	8.5	12.3	15.9	5.9	10.3	4.6	
9729  	кофта	кофта	s	7.7	15.9	14.6	13.8	5.9	6.6	3.9	
9730  	лыжный	лыжный	a	7.7	8.2	7.3	5.3	20.8	5.5	11.0	
9731  	мироздание	мироздание	s	7.7	2.1	6.7	9.3	0.0	1.8	6.8	
9732  	модельный	модельный	a	7.7	0.5	1.0	3.3	1.5	0.0	8.7	
9733  	натягивать	натягивать	v	7.7	21.8	13.7	13.3	7.4	5.1	3.7	
9734  	небритый	небритый	a	7.7	19.3	11.9	15.5	4.5	7.0	3.4	
9735  	недуг	недуг	s	7.7	3.4	5.8	6.8	8.9	9.9	10.3	
9736  	нью-йоркский	нью-йоркский	a	7.7	0.7	1.9	4.6	5.9	8.4	14.1	
9737  	обучаться	обучаться	v	7.7	2.3	3.6	3.5	16.3	7.0	10.1	
9738  	особь	особь	s	7.7	3.0	2.6	6.0	3.0	1.1	4.9	
9739  	отбой	отбой	s	7.7	12.8	12.5	11.1	4.5	12.8	5.9	
9740  	отбыть	отбыть	v	7.7	8.2	12.0	10.6	8.9	15.0	6.9	
9741  	ото	ото	pr	7.7	9.4	13.3	10.7	5.9	7.3	4.9	
9742  	ошибочный	ошибочный	a	7.7	4.8	5.1	3.1	11.9	12.1	8.3	
9743  	палестинский	палестинский	a	7.7	0.0	0.8	1.0	0.0	1.1	16.7	
9744  	педагогика	педагогика	s	7.7	0.7	5.1	2.1	3.0	8.1	3.9	
9745  	петрушка	петрушка	s	7.7	5.1	4.5	4.5	10.4	13.9	8.0	
9746  	побеседовать	побеседовать	v	7.7	10.5	12.3	10.8	3.0	12.5	7.1	
9747  	подвесить	подвесить	v	7.7	9.4	10.1	9.7	11.9	4.0	6.5	
9748  	подействовать	подействовать	v	7.7	10.8	12.4	11.9	8.9	10.3	5.8	
9749  	поклясться	поклясться	v	7.7	10.1	15.3	15.6	4.5	1.8	4.2	
9750  	понизить	понизить	v	7.7	14.7	12.2	9.0	3.0	2.9	6.4	
9751  	пошлость	пошлость	s	7.7	4.2	8.9	9.2	16.3	10.3	9.3	
9752  	преподавание	преподавание	s	7.7	1.4	2.0	1.8	7.4	8.4	10.0	
9753  	прибрать	прибрать	v	7.7	15.8	17.4	13.5	8.9	8.4	3.7	
9754  	признанный	признанный	a	7.7	0.7	3.5	2.2	8.9	9.9	12.1	
9755  	примесь	примесь	s	7.7	3.7	5.0	4.0	4.5	4.0	4.3	
9756  	причастность	причастность	s	7.7	1.1	4.0	6.1	3.0	7.7	13.1	
9757  	продольный	продольный	a	7.7	5.5	3.2	1.9	0.0	1.8	4.5	
9758  	прототип	прототип	s	7.7	0.3	3.6	3.2	16.3	4.0	10.3	
9759  	психиатрический	психиатрический	a	7.7	3.2	3.3	5.9	3.0	2.2	8.8	
9760  	разграничение	разграничение	s	7.7	0.0	0.0	0.0	0.0	2.6	11.2	
9761  	райский	райский	a	7.7	6.2	8.9	11.1	7.4	7.3	6.8	
9762  	резной	резной	a	7.7	9.8	5.6	14.8	7.4	5.9	5.3	
9763  	романтик	романтик	s	7.7	5.3	7.5	7.2	8.9	9.2	9.5	
9764  	романтика	романтика	s	7.7	5.5	5.4	7.7	26.7	18.7	10.2	
9765  	рычать	рычать	v	7.7	11.2	16.1	14.4	19.3	8.8	3.8	
9766  	складской	складской	a	7.7	1.8	1.3	2.9	1.5	2.9	8.4	
9767  	сломить	сломить	v	7.7	10.8	10.7	8.1	13.3	18.0	7.4	
9768  	состязание	состязание	s	7.7	8.9	3.8	3.5	41.5	11.4	12.0	
9769  	стирка	стирка	s	7.7	7.1	6.3	7.9	10.4	6.6	4.8	
9770  	танкист	танкист	s	7.7	45.9	5.9	6.8	3.0	6.2	6.4	
9771  	теплота	теплота	s	7.7	6.0	9.2	7.5	8.9	8.8	7.3	
9772  	тесть	тесть	s	7.7	17.4	9.7	14.3	1.5	7.3	4.8	
9773  	томиться	томиться	v	7.7	12.1	15.1	11.2	10.4	9.5	5.9	
9774  	траншея	траншея	s	7.7	35.8	16.0	5.3	8.9	15.4	4.5	
9775  	третья	третья	s	7.7	5.3	6.9	9.3	5.9	12.1	7.3	
9776  	физкультура	физкультура	s	7.7	5.0	5.2	5.5	115.6	7.0	10.0	
9777  	швырять	швырять	v	7.7	16.8	17.8	13.3	8.9	8.1	4.0	
9778  	шевельнуться	шевельнуться	v	7.7	16.5	20.7	16.6	5.9	4.4	1.8	
9779  	щи	щи	s	7.7	12.9	17.4	11.1	7.4	12.8	3.4	
9780  	ювелирный	ювелирный	a	7.7	2.3	4.1	5.8	3.0	3.3	12.1	
9781  	апельсин	апельсин	s	7.6	4.1	8.1	10.3	8.9	7.3	8.0	
9782  	безграничный	безграничный	a	7.6	5.3	5.5	5.8	31.1	11.4	8.0	
9783  	бинт	бинт	s	7.6	22.7	12.8	13.2	1.5	1.5	4.3	
9784  	богач	богач	s	7.6	8.0	6.5	8.6	5.9	10.6	8.2	
9785  	вакцинация	вакцинация	s	7.6	0.0	0.0	0.0	0.0	0.0	2.5	
9786  	валиться	валиться	v	7.6	14.2	14.1	13.8	19.3	3.7	4.4	
9787  	вдаль	вдаль	adv	7.6	13.1	14.8	13.3	7.4	10.6	4.0	
9788  	вековой	вековой	a	7.6	3.7	6.1	6.6	19.3	16.9	9.0	
9789  	верующий	верующий	a	7.6	1.9	3.1	3.7	5.9	11.7	8.2	
9790  	взамен	взамен	adv	7.6	5.5	6.7	8.2	5.9	7.7	9.8	
9791  	внушить	внушить	v	7.6	12.9	10.6	9.4	13.3	16.1	5.5	
9792  	волчий	волчий	a	7.6	14.0	10.0	12.4	5.9	7.7	5.7	
9793  	воспитанник	воспитанник	s	7.6	2.7	4.9	4.4	11.9	16.1	10.9	
9794  	всплывать	всплывать	v	7.6	5.7	7.4	10.5	0.0	9.2	7.6	
9795  	генерал-майор	генерал-майор	s	7.6	5.5	7.4	2.8	3.0	7.7	13.3	
9796  	гоночный	гоночный	a	7.6	1.1	2.6	0.7	3.0	1.1	18.2	
9797  	дельфин	дельфин	s	7.6	8.9	18.8	3.6	3.0	1.8	9.6	
9798  	доброжелательный	доброжелательный	a	7.6	5.5	4.6	5.7	1.5	12.8	11.4	
9799  	доверчивый	доверчивый	a	7.6	9.0	13.8	11.0	13.3	11.7	6.4	
9800  	доводиться	доводиться	v	7.6	5.1	6.3	8.0	5.9	17.2	8.3	
9801  	договорить	договорить	v	7.6	17.7	14.2	16.5	7.4	4.4	2.5	
9802  	дружественный	дружественный	a	7.6	2.7	2.3	4.4	10.4	5.1	11.7	
9803  	дюжина	дюжина	s	7.6	7.1	7.8	12.9	3.0	12.1	7.2	
9804  	жгучий	жгучий	a	7.6	9.6	13.4	12.3	8.9	8.4	5.4	
9805  	жестяной	жестяной	a	7.6	18.4	12.5	13.7	14.8	9.2	4.0	
9806  	жизненно	жизненно	adv	7.6	1.6	2.3	3.1	0.0	10.6	11.2	
9807  	заботливый	заботливый	a	7.6	7.6	9.5	9.6	13.3	9.2	6.9	
9808  	задрожать	задрожать	v	7.6	19.3	17.3	17.1	5.9	3.7	1.6	
9809  	замкнуть	замкнуть	v	7.6	8.2	8.1	6.5	5.9	5.9	5.9	
9810  	заполнение	заполнение	s	7.6	1.8	1.0	1.3	1.5	3.7	6.6	
9811  	затопить	затопить	v	7.6	10.1	14.1	10.2	4.5	7.0	6.4	
9812  	катить	катить	v	7.6	12.4	16.5	15.2	8.9	3.7	3.6	
9813  	кашлять	кашлять	v	7.6	17.4	17.1	12.9	1.5	5.5	3.9	
9814  	квартирка	квартирка	s	7.6	3.4	5.1	18.0	19.3	6.2	5.4	
9815  	корт	корт	s	7.6	3.4	0.5	2.2	1.5	5.1	16.1	
9816  	кофточка	кофточка	s	7.6	18.4	12.3	13.7	8.9	5.1	4.0	
9817  	лидировать	лидировать	v	7.6	0.0	0.0	0.8	4.5	1.5	15.3	
9818  	лукавый	лукавый	a	7.6	10.6	9.3	8.7	7.4	5.9	7.9	
9819  	магистральный	магистральный	a	7.6	1.2	0.0	1.0	0.0	4.4	8.7	
9820  	могущественный	могущественный	a	7.6	8.2	4.6	8.9	13.3	6.6	8.1	
9821  	мячик	мячик	s	7.6	54.4	6.4	7.0	1.5	4.8	3.9	
9822  	навоз	навоз	s	7.6	12.6	10.2	10.9	47.4	11.0	6.2	
9823  	нелегальный	нелегальный	a	7.6	1.8	3.3	2.4	11.9	9.5	12.8	
9824  	несложный	несложный	a	7.6	4.4	5.5	7.6	16.3	12.8	8.8	
9825  	неуместный	неуместный	a	7.6	5.7	9.6	12.6	10.4	10.3	6.3	
9826  	обстрел	обстрел	s	7.6	13.7	7.9	5.0	3.0	14.7	9.4	
9827  	однородный	однородный	a	7.6	1.4	0.5	1.1	1.5	6.2	4.5	
9828  	оживленный	оживленный	a	7.6	10.5	11.0	8.1	17.8	15.4	7.5	
9829  	окрестный	окрестный	a	7.6	6.6	7.7	10.2	3.0	11.7	8.4	
9830  	оргазм	оргазм	s	7.6	0.5	0.6	7.4	0.0	0.0	3.8	
9831  	осмысление	осмысление	s	7.6	0.5	1.8	1.8	1.5	7.0	8.8	
9832  	отличительный	отличительный	a	7.6	0.9	1.5	1.5	4.5	4.4	8.2	
9833  	ощупь	ощупь	s	7.6	13.8	13.2	13.0	14.8	6.6	4.8	
9834  	парадигма	парадигма	s	7.6	0.0	0.0	0.6	0.0	0.0	5.9	
9835  	персидский	персидский	a	7.6	3.9	5.9	5.0	8.9	7.7	11.0	
9836  	пианино	пианино	s	7.6	10.6	15.0	9.3	7.4	7.0	6.5	
9837  	подрасти	подрасти	v	7.6	7.8	11.5	9.0	4.5	6.2	7.9	
9838  	подчиниться	подчиниться	v	7.6	12.2	11.5	10.8	8.9	10.6	6.3	
9839  	позавидовать	позавидовать	v	7.6	8.7	8.7	8.8	7.4	8.4	9.0	
9840  	пошлый	пошлый	a	7.6	6.9	11.0	11.0	22.2	9.2	6.8	
9841  	право	право	adv	7.6	17.2	16.9	8.0	16.3	8.4	5.0	
9842  	превзойти	превзойти	v	7.6	4.8	5.0	5.2	22.2	9.5	10.2	
9843  	пробегать	пробегать	v	7.6	16.8	12.2	12.4	8.9	11.0	4.8	
9844  	проблемный	проблемный	a	7.6	0.7	2.3	1.1	1.5	1.8	9.5	
9845  	продиктовать	продиктовать	v	7.6	4.6	6.7	7.1	14.8	12.8	9.3	
9846  	прозрачность	прозрачность	s	7.6	2.3	2.8	4.0	8.9	2.2	10.6	
9847  	психологически	психологически	adv	7.6	2.8	1.4	3.1	1.5	9.2	10.9	
9848  	раздать	раздать	v	7.6	9.0	7.2	8.8	4.5	11.0	8.8	
9849  	расклад	расклад	s	7.6	0.0	0.0	8.7	0.0	1.1	12.8	
9850  	расстраиваться	расстраиваться	v	7.6	12.1	9.8	9.6	7.4	6.2	6.0	
9851  	расстреливать	расстреливать	v	7.6	11.2	12.0	8.2	4.5	16.9	8.2	
9852  	рассудок	рассудок	s	7.6	6.0	8.2	11.9	11.9	13.2	5.2	
9853  	резинка	резинка	s	7.6	5.5	11.0	13.2	5.9	3.7	6.3	
9854  	ровесник	ровесник	s	7.6	4.8	5.4	8.4	10.4	15.4	9.4	
9855  	русскоязычный	русскоязычный	a	7.6	0.0	0.0	3.3	0.0	0.0	14.9	
9856  	сироп	сироп	s	7.6	11.0	2.4	3.1	3.0	3.3	13.4	
9857  	сырость	сырость	s	7.6	16.8	13.8	13.8	7.4	7.3	3.8	
9858  	тайком	тайком	adv	7.6	10.1	14.4	12.5	3.0	4.8	6.1	
9859  	тогда-то	тогда-то	advpro	7.6	6.9	12.0	10.8	10.4	14.3	6.8	
9860  	трест	трест	s	7.6	6.9	4.3	3.0	29.6	19.4	11.6	
9861  	тяжко	тяжко	adv	7.6	11.5	18.4	12.4	7.4	7.3	4.5	
9862  	улавливать	улавливать	v	7.6	7.1	10.0	10.8	1.5	11.0	6.0	
9863  	унижать	унижать	v	7.6	6.9	10.1	8.0	4.5	9.9	8.1	
9864  	усмотрение	усмотрение	s	7.6	3.4	1.9	3.8	7.4	6.6	8.0	
9865  	учредительный	учредительный	a	7.6	0.9	1.0	3.0	0.0	7.7	6.3	
9866  	уют	уют	s	7.6	6.4	8.6	9.2	10.4	18.0	8.0	
9867  	хитро	хитро	adv	7.6	12.9	9.6	15.1	8.9	5.5	4.9	
9868  	централизованный	централизованный	a	7.6	0.0	0.5	0.5	1.5	4.0	9.8	
9869  	чех	чех	s	7.6	3.9	2.7	11.0	10.4	7.3	9.8	
9870  	щадить	щадить	v	7.6	9.2	11.2	8.7	5.9	9.2	8.1	
9871  	аспирантура	аспирантура	s	7.5	8.7	11.0	4.9	5.9	6.2	8.3	
9872  	бактерия	бактерия	s	7.5	2.8	1.4	1.6	3.0	3.3	7.0	
9873  	бездействие	бездействие	s	7.5	5.8	4.6	3.0	3.0	8.4	5.8	
9874  	безразлично	безразлично	adv	7.5	14.4	12.7	9.9	8.9	8.4	5.4	
9875  	будда	будда	s	7.5	5.7	11.4	7.3	3.0	5.9	8.0	
9876  	ватный	ватный	a	7.5	14.0	16.5	12.6	10.4	5.5	4.3	
9877  	ведомственный	ведомственный	a	7.5	1.8	1.1	2.5	0.0	10.3	9.9	
9878  	видео	видео	s	7.5	0.0	0.0	5.9	0.0	0.7	11.8	
9879  	вишня	вишня	s	7.5	4.1	5.1	9.4	14.8	16.9	7.9	
9880  	вопросительно	вопросительно	adv	7.5	24.3	14.4	16.6	1.5	2.6	1.7	
9881  	выдумывать	выдумывать	v	7.5	15.9	14.7	8.6	5.9	10.3	5.7	
9882  	выращивание	выращивание	s	7.5	1.2	0.6	0.7	19.3	11.0	7.6	
9883  	горком	горком	s	7.5	12.4	4.3	3.4	112.7	20.5	10.2	
9884  	грабеж	грабеж	s	7.5	6.4	4.9	9.8	8.9	13.2	9.0	
9885  	грубость	грубость	s	7.5	12.1	10.6	8.5	10.4	18.0	6.3	
9886  	грузить	грузить	v	7.5	14.2	9.5	10.1	14.8	13.9	6.2	
9887  	губернский	губернский	a	7.5	1.8	3.3	2.7	3.0	12.8	11.4	
9888  	гулкий	гулкий	a	7.5	15.6	9.5	17.0	4.5	6.6	3.5	
9889  	добросовестный	добросовестный	a	7.5	3.4	3.7	3.3	20.8	8.1	9.4	
9890  	док	док	s	7.5	15.4	7.5	13.4	1.5	4.8	5.8	
9891  	донор	донор	s	7.5	0.0	0.9	0.9	0.0	1.1	6.2	
9892  	дощатый	дощатый	a	7.5	14.9	14.3	15.2	14.8	8.4	3.1	
9893  	дымок	дымок	s	7.5	22.7	20.3	11.6	8.9	5.9	3.0	
9894  	еж	еж	s	7.5	8.0	15.5	8.8	99.3	2.9	4.9	
9895  	желаемый	желаемый	a	7.5	2.7	2.4	3.7	5.9	6.6	8.9	
9896  	забастовка	забастовка	s	7.5	2.5	4.3	4.7	48.9	15.0	10.6	
9897  	завестись	завестись	v	7.5	8.3	10.1	15.0	3.0	7.0	5.0	
9898  	замахать	замахать	v	7.5	18.8	17.8	15.6	3.0	4.0	2.5	
9899  	захоронение	захоронение	s	7.5	2.1	3.6	4.1	0.0	2.6	10.1	
9900  	зевать	зевать	v	7.5	18.1	17.1	13.5	3.0	4.0	3.3	
9901  	знатный	знатный	a	7.5	7.4	8.3	8.6	31.1	6.6	6.6	
9902  	извозчик	извозчик	s	7.5	5.8	17.9	12.0	11.9	25.3	4.3	
9903  	излишне	излишне	adv	7.5	5.3	7.3	6.4	8.9	13.9	9.1	
9904  	искажение	искажение	s	7.5	6.7	1.7	3.3	8.9	7.3	6.6	
9905  	искусственно	искусственно	adv	7.5	3.2	3.3	3.7	5.9	7.7	10.4	
9906  	капот	капот	s	7.5	9.4	3.8	11.3	1.5	1.1	9.5	
9907  	керосин	керосин	s	7.5	9.6	14.4	9.1	13.3	15.0	4.9	
9908  	клад	клад	s	7.5	17.2	6.7	9.4	3.0	6.6	7.2	
9909  	кровля	кровля	s	7.5	3.7	4.5	6.8	4.5	5.5	6.3	
9910  	курение	курение	s	7.5	3.9	4.5	5.0	1.5	4.0	9.4	
9911  	легковой	легковой	a	7.5	10.3	5.1	3.9	1.5	7.0	12.1	
9912  	лизинг	лизинг	s	7.5	0.0	0.0	0.0	0.0	0.0	12.3	
9913  	лысина	лысина	s	7.5	18.3	13.8	14.9	4.5	4.0	3.1	
9914  	металлург	металлург	s	7.5	1.4	1.4	0.9	4.5	11.0	14.4	
9915  	мышечный	мышечный	a	7.5	1.8	0.9	1.5	4.5	2.6	4.2	
9916  	мюзикл	мюзикл	s	7.5	0.0	0.0	0.8	0.0	5.1	17.6	
9917  	набок	набок	adv	7.5	22.7	15.7	15.3	10.4	4.0	2.1	
9918  	нагло	нагло	adv	7.5	10.3	8.2	15.1	4.5	7.0	5.5	
9919  	назавтра	назавтра	adv	7.5	11.9	8.1	9.9	5.9	15.0	8.0	
9920  	настройка	настройка	s	7.5	4.4	1.9	1.6	1.5	1.5	9.2	
9921  	насытить	насытить	v	7.5	5.7	3.6	4.1	7.4	9.9	10.2	
9922  	невестка	невестка	s	7.5	5.5	8.8	11.4	5.9	4.4	4.3	
9923  	незабываемый	незабываемый	a	7.5	3.5	4.9	4.2	22.2	16.9	11.6	
9924  	незаменимый	незаменимый	a	7.5	6.0	4.2	4.9	10.4	13.2	9.5	
9925  	неспособный	неспособный	a	7.5	7.8	6.0	6.1	4.5	15.4	8.0	
9926  	нечеловеческий	нечеловеческий	a	7.5	9.4	8.3	12.5	3.0	5.1	7.1	
9927  	ого	ого	intj	7.5	25.5	14.4	11.7	1.5	2.2	2.9	
9928  	опушка	опушка	s	7.5	25.9	19.2	8.8	4.5	12.8	3.5	
9929  	осел	осел	s	7.5	31.2	9.7	9.9	3.0	7.7	4.0	
9930  	отремонтировать	отремонтировать	v	7.5	4.6	4.6	4.9	37.1	4.8	11.7	
9931  	партизанский	партизанский	a	7.5	9.2	6.3	5.5	10.4	12.1	11.2	
9932  	переезжать	переезжать	v	7.5	10.5	8.4	8.6	8.9	11.0	8.0	
9933  	переложить	переложить	v	7.5	11.0	10.1	9.5	7.4	8.4	7.0	
9934  	повалиться	повалиться	v	7.5	14.7	14.2	19.9	1.5	1.8	1.4	
9935  	повиноваться	повиноваться	v	7.5	15.8	10.1	13.2	8.9	5.9	3.9	
9936  	поганый	поганый	a	7.5	11.0	11.9	18.6	1.5	0.7	2.7	
9937  	погружение	погружение	s	7.5	3.0	3.3	4.1	1.5	2.9	9.1	
9938  	подданный	подданный	s	7.5	2.8	4.7	5.6	4.5	9.5	9.9	
9939  	подорвать	подорвать	v	7.5	8.0	3.6	4.6	1.5	12.5	10.7	
9940  	подполье	подполье	s	7.5	14.9	6.9	7.0	10.4	15.8	8.7	
9941  	покоиться	покоиться	v	7.5	4.6	10.4	10.2	3.0	5.1	6.4	
9942  	помиловать	помиловать	v	7.5	6.4	15.1	10.2	8.9	9.5	4.6	
9943  	поминать	поминать	v	7.5	7.8	11.2	11.1	4.5	7.7	5.9	
9944  	преддверие	преддверие	s	7.5	1.6	2.3	3.4	3.0	2.9	12.9	
9945  	привить	привить	v	7.5	0.7	3.6	2.6	4.5	6.6	6.6	
9946  	придаток	придаток	s	7.5	1.4	0.9	1.1	3.0	1.1	2.6	
9947  	придворный	придворный	a	7.5	3.4	2.7	5.2	28.2	9.2	8.0	
9948  	прикасаться	прикасаться	v	7.5	9.6	11.2	12.2	5.9	8.4	4.8	
9949  	пристав	пристав	s	7.5	1.1	0.6	4.5	7.4	3.7	6.6	
9950  	радиоактивный	радиоактивный	a	7.5	2.7	4.2	2.2	3.0	3.7	6.8	
9951  	разведение	разведение	s	7.5	1.1	1.4	1.2	1.5	2.9	4.0	
9952  	рыхлый	рыхлый	a	7.5	10.1	11.8	11.8	7.4	5.9	4.2	
9953  	свирепый	свирепый	a	7.5	16.3	11.5	11.7	7.4	8.1	5.5	
9954  	скачок	скачок	s	7.5	8.0	6.5	4.1	5.9	4.4	8.5	
9955  	смола	смола	s	7.5	17.0	8.1	7.5	17.8	4.4	5.1	
9956  	сосать	сосать	v	7.5	12.9	15.2	13.8	1.5	5.9	2.5	
9957  	сосиска	сосиска	s	7.5	4.4	7.9	10.4	4.5	9.2	6.0	
9958  	состоятельный	состоятельный	a	7.5	0.7	2.8	5.4	3.0	10.6	12.3	
9959  	судорога	судорога	s	7.5	9.4	10.6	14.7	10.4	2.6	4.6	
9960  	сыщик	сыщик	s	7.5	23.6	5.6	11.0	0.0	2.9	6.9	
9961  	тайник	тайник	s	7.5	12.2	8.4	15.1	5.9	5.1	5.2	
9962  	тематический	тематический	a	7.5	0.7	1.0	0.0	8.9	1.5	9.8	
9963  	трансляция	трансляция	s	7.5	3.0	2.9	2.5	0.0	1.5	10.4	
9964  	угадывать	угадывать	v	7.5	15.1	14.1	10.9	5.9	11.7	5.1	
9965  	укоротить	укоротить	v	7.5	3.9	4.5	4.8	1.5	4.4	4.4	
9966  	упрощенный	упрощенный	a	7.5	1.1	0.6	1.3	5.9	4.0	11.4	
9967  	упускать	упускать	v	7.5	6.9	10.5	8.2	4.5	13.9	7.6	
9968  	усилиться	усилиться	v	7.5	7.1	9.8	5.2	4.5	8.4	9.2	
9969  	утопить	утопить	v	7.5	8.5	13.6	13.6	4.5	4.4	5.3	
9970  	хирургический	хирургический	a	7.5	8.3	4.9	6.3	5.9	8.1	10.0	
9971  	ценовой	ценовой	a	7.5	0.0	0.0	0.0	0.0	0.0	13.1	
9972  	центнер	центнер	s	7.5	9.2	5.4	3.7	134.9	27.1	5.8	
9973  	шнурок	шнурок	s	7.5	12.6	12.3	14.6	8.9	7.3	4.0	
9974  	эксплуатировать	эксплуатировать	v	7.5	1.9	1.5	2.3	1.5	6.6	11.0	
9975  	автопилот	автопилот	s	7.4	0.5	0.0	2.2	4.5	0.7	17.2	
9976  	арестовывать	арестовывать	v	7.4	6.4	8.6	8.2	1.5	36.3	8.1	
9977  	барин	барин	s	7.4	4.6	13.2	11.6	11.9	11.7	6.1	
9978  	беспомощно	беспомощно	adv	7.4	18.3	14.4	14.7	3.0	7.0	3.0	
9979  	бессонный	бессонный	a	7.4	14.5	9.8	12.6	17.8	8.8	5.2	
9980  	биолог	биолог	s	7.4	14.4	12.5	2.9	8.9	15.4	4.6	
9981  	богослов	богослов	s	7.4	0.3	0.9	2.7	3.0	2.2	6.3	
9982  	бродяга	бродяга	s	7.4	8.2	8.3	14.6	16.3	9.5	4.7	
9983  	бульдозер	бульдозер	s	7.4	5.8	4.9	12.0	11.9	7.7	4.4	
9984  	бюст	бюст	s	7.4	4.1	8.6	8.9	11.9	11.4	8.6	
9985  	взмахнуть	взмахнуть	v	7.4	22.1	14.2	16.7	3.0	4.4	1.6	
9986  	виновный	виновный	s	7.4	4.8	5.1	3.7	3.0	9.5	10.1	
9987  	вольно	вольно	adv	7.4	8.7	13.1	8.8	3.0	11.4	6.4	
9988  	впустить	впустить	v	7.4	9.4	11.4	15.3	1.5	7.7	4.5	
9989  	выкуп	выкуп	s	7.4	1.1	2.7	5.6	0.0	1.5	9.3	
9990  	выстраиваться	выстраиваться	v	7.4	4.4	6.0	5.2	8.9	10.3	9.1	
9991  	глобализация	глобализация	s	7.4	0.0	0.0	0.0	0.0	0.0	10.3	
9992  	даровать	даровать	v	7.4	1.9	5.5	7.1	5.9	5.5	8.1	
9993  	депо	депо	s	7.4	18.1	9.8	3.8	5.9	1.5	4.9	
9994  	дикарь	дикарь	s	7.4	6.7	11.0	14.1	25.2	10.6	4.2	
9995  	дискотека	дискотека	s	7.4	0.0	0.9	10.4	0.0	6.2	9.8	
9996  	душистый	душистый	a	7.4	13.5	9.3	9.1	14.8	6.6	6.6	
9997  	заемщик	заемщик	s	7.4	0.0	0.0	0.0	0.0	0.0	10.1	
9998  	застонать	застонать	v	7.4	14.0	17.5	18.9	4.5	0.0	1.2	
9999  	заход	заход	s	7.4	6.9	9.8	6.1	5.9	4.0	8.6	
10000  	имитировать	имитировать	v	7.4	2.1	2.0	5.4	4.5	10.3	9.2	
