10001  	исправно	исправно	adv	7.4	3.7	5.4	9.8	11.9	11.0	9.5	
10002  	королевство	королевство	s	7.4	8.0	4.1	8.6	5.9	13.2	7.9	
10003  	либерализм	либерализм	s	7.4	1.8	2.7	1.3	3.0	5.5	13.0	
10004  	мамонт	мамонт	s	7.4	35.6	7.5	5.5	19.3	15.0	5.9	
10005  	монастырский	монастырский	a	7.4	3.4	2.6	7.1	17.8	12.8	8.3	
10006  	нагреть	нагреть	v	7.4	13.3	10.0	8.1	8.9	6.2	5.2	
10007  	накапливаться	накапливаться	v	7.4	5.1	4.5	4.3	7.4	10.3	7.4	
10008  	нарушаться	нарушаться	v	7.4	3.5	3.1	2.6	8.9	8.4	8.9	
10009  	насмешливый	насмешливый	a	7.4	28.5	16.4	11.0	8.9	7.0	3.1	
10010  	недоверчиво	недоверчиво	adv	7.4	20.0	14.8	15.8	1.5	7.3	2.1	
10011  	необъятный	необъятный	a	7.4	7.8	9.2	9.5	4.5	8.1	7.5	
10012  	несовместимый	несовместимый	a	7.4	3.7	3.6	4.4	7.4	12.1	8.8	
10013  	неясно	неясно	adv	7.4	8.0	11.0	7.7	3.0	3.7	7.1	
10014  	никель	никель	s	7.4	4.4	3.6	1.7	1.5	4.0	10.8	
10015  	ограбить	ограбить	v	7.4	10.3	8.3	12.8	11.9	7.7	6.3	
10016  	окончиться	окончиться	v	7.4	13.5	6.5	6.5	13.3	23.1	8.0	
10017  	оспаривать	оспаривать	v	7.4	1.9	2.7	2.3	1.5	9.5	7.8	
10018  	отвод	отвод	s	7.4	3.5	1.8	3.2	3.0	3.3	5.1	
10019  	отклонить	отклонить	v	7.4	4.6	2.8	2.5	8.9	8.8	11.9	
10020  	отсрочка	отсрочка	s	7.4	3.0	4.7	4.0	0.0	6.2	10.5	
10021  	отставить	отставить	v	7.4	16.5	13.7	13.7	4.5	4.4	3.8	
10022  	отчисление	отчисление	s	7.4	1.1	1.0	1.8	1.5	2.6	12.7	
10023  	охота	охота	adv	7.4	17.2	20.9	10.5	1.5	4.8	2.8	
10024  	первобытный	первобытный	a	7.4	18.1	5.4	7.5	23.7	8.8	5.5	
10025  	побочный	побочный	a	7.4	3.9	2.8	4.7	10.4	5.5	7.8	
10026  	погнать	погнать	v	7.4	14.4	16.4	14.4	1.5	9.5	3.2	
10027  	помедлить	помедлить	v	7.4	18.6	19.8	16.4	0.0	2.2	1.4	
10028  	поменяться	поменяться	v	7.4	5.3	5.6	8.5	1.5	2.9	9.3	
10029  	пообщаться	пообщаться	v	7.4	0.9	1.8	7.0	0.0	1.5	11.7	
10030  	поселить	поселить	v	7.4	2.7	5.1	8.6	4.5	14.7	9.7	
10031  	посему	посему	advpro	7.4	2.5	11.5	8.7	3.0	5.5	8.4	
10032  	почуять	почуять	v	7.4	10.1	15.6	15.4	8.9	4.8	3.5	
10033  	престарелый	престарелый	a	7.4	3.0	6.4	8.1	7.4	13.2	9.0	
10034  	присоединяться	присоединяться	v	7.4	3.4	3.8	5.4	5.9	9.2	7.2	
10035  	продуктивный	продуктивный	a	7.4	0.0	1.1	1.2	5.9	4.8	6.8	
10036  	пролетать	пролетать	v	7.4	9.8	9.8	11.3	17.8	9.2	6.0	
10037  	проситься	проситься	v	7.4	11.2	14.2	10.0	4.5	11.7	6.0	
10038  	прославиться	прославиться	v	7.4	6.0	6.8	5.3	7.4	9.9	10.4	
10039  	публиковаться	публиковаться	v	7.4	0.7	1.1	1.2	7.4	6.6	12.7	
10040  	пятилетний	пятилетний	a	7.4	1.8	3.3	5.2	31.1	13.6	10.2	
10041  	развертывание	развертывание	s	7.4	0.7	0.0	0.6	10.4	4.8	11.8	
10042  	разлить	разлить	v	7.4	10.1	11.2	15.1	1.5	6.6	4.4	
10043  	ремонтный	ремонтный	a	7.4	3.2	1.3	2.4	7.4	6.6	9.5	
10044  	рентабельность	рентабельность	s	7.4	0.5	0.0	0.0	1.5	0.4	11.0	
10045  	репортер	репортер	s	7.4	1.9	2.2	7.7	11.9	13.9	11.9	
10046  	свекла	свекла	s	7.4	5.8	7.7	4.6	46.0	21.3	6.7	
10047  	сервер	сервер	s	7.4	0.0	0.0	0.7	0.0	0.0	8.2	
10048  	сложнейший	сложнейший	a	7.4	6.0	3.3	2.6	7.4	12.8	10.8	
10049  	смертность	смертность	s	7.4	1.2	0.9	1.3	10.4	3.7	9.6	
10050  	смещение	смещение	s	7.4	1.2	1.9	2.5	5.9	8.4	6.5	
10051  	сносить	сносить	v	7.4	7.4	10.0	9.0	5.9	7.7	7.5	
10052  	собрат	собрат	s	7.4	6.4	5.8	6.2	10.4	7.0	10.2	
10053  	сопка	сопка	s	7.4	16.7	18.8	5.6	20.8	5.5	7.9	
10054  	спрашиваться	спрашиваться	v	7.4	9.0	13.6	10.7	10.4	2.9	6.3	
10055  	створка	створка	s	7.4	8.3	9.3	17.2	7.4	7.0	3.1	
10056  	стекать	стекать	v	7.4	14.0	11.2	14.4	3.0	4.0	3.8	
10057  	страничка	страничка	s	7.4	6.9	7.4	7.0	10.4	11.7	9.0	
10058  	телогрейка	телогрейка	s	7.4	28.2	23.1	8.5	1.5	9.5	3.4	
10059  	тетушка	тетушка	s	7.4	16.5	19.4	11.3	0.0	3.3	3.8	
10060  	треугольный	треугольный	a	7.4	6.0	4.1	5.6	3.0	2.9	3.6	
10061  	убеждаться	убеждаться	v	7.4	8.2	7.2	7.0	19.3	26.8	7.2	
10062  	угловой	угловой	a	7.4	4.1	5.9	7.1	5.9	5.5	5.1	
10063  	уголовник	уголовник	s	7.4	5.8	5.8	11.4	1.5	20.2	7.5	
10064  	укрыть	укрыть	v	7.4	12.8	9.8	13.7	7.4	8.4	4.7	
10065  	унизить	унизить	v	7.4	8.2	11.0	8.9	5.9	7.7	6.4	
10066  	устремляться	устремляться	v	7.4	8.9	9.3	9.6	7.4	10.6	6.0	
10067  	целина	целина	s	7.4	5.8	5.0	4.0	19.3	95.0	5.2	
10068  	эпидемический	эпидемический	a	7.4	0.7	0.0	0.0	1.5	1.1	0.0	
10069  	юго-восточный	юго-восточный	a	7.4	1.4	1.9	1.9	0.0	11.4	10.4	
10070  	автобусный	автобусный	a	7.3	6.0	8.1	12.2	5.9	4.0	7.2	
10071  	активизация	активизация	s	7.3	0.3	0.9	0.8	3.0	2.6	8.6	
10072  	антигенный	антигенный	a	7.3	0.0	0.0	0.0	0.0	0.0	0.0	
10073  	банан	банан	s	7.3	2.5	5.2	12.0	4.5	7.0	6.8	
10074  	беда	беда	adv	7.3	16.7	10.7	8.6	8.9	4.4	6.3	
10075  	блокада	блокада	s	7.3	5.0	7.9	4.0	10.4	22.4	10.0	
10076  	брошюра	брошюра	s	7.3	4.8	5.6	5.6	37.1	14.3	8.5	
10077  	бумажник	бумажник	s	7.3	9.4	10.5	19.3	3.0	4.4	2.6	
10078  	вирусология	вирусология	s	7.3	0.0	0.0	0.0	0.0	0.7	0.0	
10079  	вкусно	вкусно	adv	7.3	8.5	10.9	10.9	3.0	5.5	6.3	
10080  	водопад	водопад	s	7.3	6.4	6.5	9.2	1.5	22.4	6.8	
10081  	возобновить	возобновить	v	7.3	3.9	3.8	4.4	14.8	8.8	10.9	
10082  	выемка	выемка	s	7.3	1.8	3.3	3.1	1.5	0.7	2.8	
10083  	выспаться	выспаться	v	7.3	13.8	12.0	14.7	1.5	3.7	2.9	
10084  	двинуть	двинуть	v	7.3	9.8	15.9	14.2	3.0	7.0	3.8	
10085  	динамичный	динамичный	a	7.3	0.3	0.6	1.1	1.5	7.3	10.7	
10086  	житие	житие	s	7.3	0.9	1.1	1.5	37.1	1.5	6.7	
10087  	забвение	забвение	s	7.3	5.1	6.7	6.6	14.8	9.5	8.5	
10088  	загрузка	загрузка	s	7.3	0.0	1.3	0.9	0.0	2.6	8.4	
10089  	замучить	замучить	v	7.3	12.6	10.7	9.2	13.3	10.6	6.0	
10090  	затягивать	затягивать	v	7.3	10.8	8.1	10.1	8.9	6.6	7.1	
10091  	зевнуть	зевнуть	v	7.3	18.3	18.4	16.7	0.0	2.2	1.2	
10092  	земский	земский	a	7.3	1.4	24.6	2.1	1.5	4.0	9.0	
10093  	зенит	зенит	s	7.3	2.8	6.8	4.7	3.0	3.7	8.5	
10094  	измучить	измучить	v	7.3	13.5	10.4	10.0	7.4	10.6	6.3	
10095  	институтский	институтский	a	7.3	8.9	11.8	8.7	1.5	4.8	7.8	
10096  	карикатура	карикатура	s	7.3	6.0	5.1	2.9	25.2	7.0	12.6	
10097  	клещ	клещ	s	7.3	8.2	5.5	5.2	0.0	2.6	4.8	
10098  	книжечка	книжечка	s	7.3	11.5	14.3	9.2	17.8	12.1	5.4	
10099  	контактный	контактный	a	7.3	0.7	0.6	2.1	0.0	2.6	7.6	
10100  	косвенно	косвенно	adv	7.3	1.8	3.8	3.5	5.9	5.5	9.4	
10101  	легальный	легальный	a	7.3	0.5	1.0	4.2	0.0	6.6	13.4	
10102  	летопись	летопись	s	7.3	3.4	2.9	2.9	25.2	16.5	7.8	
10103  	лунка	лунка	s	7.3	14.7	3.6	4.3	4.5	9.2	5.3	
10104  	манить	манить	v	7.3	8.5	11.2	13.4	1.5	8.8	5.2	
10105  	маркетинговый	маркетинговый	a	7.3	0.0	0.0	0.0	0.0	0.0	13.7	
10106  	матка	матка	s	7.3	12.8	4.1	5.6	4.5	2.2	4.1	
10107  	мигать	мигать	v	7.3	14.4	15.5	14.1	14.8	5.5	3.4	
10108  	миниатюрный	миниатюрный	a	7.3	4.2	6.0	7.1	10.4	5.5	8.7	
10109  	муниципалитет	муниципалитет	s	7.3	0.0	0.0	0.8	0.0	2.2	16.6	
10110  	наметиться	наметиться	v	7.3	2.3	4.3	3.5	3.0	5.9	10.2	
10111  	насыщенный	насыщенный	a	7.3	1.9	0.5	2.8	4.5	3.3	9.6	
10112  	незамедлительно	незамедлительно	adv	7.3	3.5	6.8	7.7	4.5	4.0	7.5	
10113  	непохожий	непохожий	a	7.3	11.9	11.8	6.3	14.8	11.4	6.9	
10114  	непреодолимый	непреодолимый	a	7.3	6.2	5.5	6.7	8.9	5.1	7.7	
10115  	несостоятельность	несостоятельность	s	7.3	1.6	1.0	1.9	3.0	2.9	5.5	
10116  	новизна	новизна	s	7.3	2.5	3.7	5.2	19.3	11.7	7.6	
10117  	обогащение	обогащение	s	7.3	2.5	1.7	2.2	5.9	7.0	8.1	
10118  	образовываться	образовываться	v	7.3	1.6	1.3	1.9	1.5	6.6	4.6	
10119  	оговорить	оговорить	v	7.3	1.8	1.7	6.3	4.5	3.3	9.2	
10120  	озабоченность	озабоченность	s	7.3	3.4	5.9	3.5	3.0	5.5	9.3	
10121  	оскорбительный	оскорбительный	a	7.3	7.3	9.6	8.3	19.3	12.5	7.9	
10122  	пирожное	пирожное	s	7.3	6.0	10.9	12.4	28.2	8.8	5.0	
10123  	погром	погром	s	7.3	2.7	3.7	6.7	13.3	5.1	11.6	
10124  	подземелье	подземелье	s	7.3	15.2	10.4	13.2	7.4	3.7	5.2	
10125  	подножие	подножие	s	7.3	17.4	11.4	8.6	3.0	13.2	5.4	
10126  	поить	поить	v	7.3	12.1	13.8	11.3	14.8	9.2	4.8	
10127  	покрыться	покрыться	v	7.3	13.7	12.8	13.8	3.0	4.4	4.1	
10128  	пообедать	пообедать	v	7.3	13.8	10.9	10.8	10.4	7.3	5.5	
10129  	поразиться	поразиться	v	7.3	9.9	10.6	17.1	0.0	4.4	3.6	
10130  	посев	посев	s	7.3	2.7	3.5	2.9	23.7	23.1	7.2	
10131  	потерянный	потерянный	a	7.3	8.2	7.3	8.2	11.9	9.2	8.1	
10132  	предсказывать	предсказывать	v	7.3	4.8	4.7	4.7	8.9	10.6	10.0	
10133  	пресечение	пресечение	s	7.3	0.9	1.3	1.8	0.0	0.7	8.9	
10134  	приземлиться	приземлиться	v	7.3	6.0	7.5	9.9	13.3	7.0	9.0	
10135  	притащить	притащить	v	7.3	12.1	13.6	14.5	7.4	3.7	3.7	
10136  	промелькнуть	промелькнуть	v	7.3	12.6	13.2	13.2	8.9	6.6	4.7	
10137  	работоспособность	работоспособность	s	7.3	1.8	1.5	0.9	10.4	5.5	9.0	
10138  	разгон	разгон	s	7.3	5.7	7.4	7.1	0.0	6.2	9.5	
10139  	разыграть	разыграть	v	7.3	7.6	4.2	8.9	7.4	10.6	9.2	
10140  	резервный	резервный	a	7.3	3.2	2.9	2.0	1.5	22.0	9.7	
10141  	рыбий	рыбий	a	7.3	14.4	14.1	10.7	0.0	5.1	5.2	
10142  	селедка	селедка	s	7.3	11.3	14.1	9.7	8.9	9.5	5.8	
10143  	силовик	силовик	s	7.3	0.0	0.0	0.7	0.0	0.0	17.9	
10144  	сложенный	сложенный	a	7.3	12.9	7.5	9.5	11.9	8.8	5.4	
10145  	смазать	смазать	v	7.3	8.7	10.4	9.8	5.9	9.5	5.1	
10146  	смолкнуть	смолкнуть	v	7.3	25.0	17.6	14.2	1.5	3.3	1.9	
10147  	согнуться	согнуться	v	7.3	23.0	13.8	14.3	8.9	5.5	2.0	
10148  	сопеть	сопеть	v	7.3	20.9	15.6	15.3	5.9	2.2	1.8	
10149  	спотыкаться	спотыкаться	v	7.3	18.6	14.6	12.3	5.9	7.7	3.9	
10150  	субсидия	субсидия	s	7.3	0.5	0.0	0.0	0.0	1.1	14.6	
10151  	сухарь	сухарь	s	7.3	17.4	10.0	9.2	8.9	15.8	4.6	
10152  	съедать	съедать	v	7.3	8.0	7.4	8.2	1.5	13.9	7.5	
10153  	табурет	табурет	s	7.3	12.8	16.5	17.0	1.5	6.2	1.8	
10154  	трактат	трактат	s	7.3	2.7	2.3	3.7	3.0	4.4	6.3	
10155  	траурный	траурный	a	7.3	8.2	7.4	9.0	56.3	8.4	8.0	
10156  	уберечь	уберечь	v	7.3	7.4	9.7	10.1	11.9	5.5	7.2	
10157  	убираться	убираться	v	7.3	8.2	10.9	11.8	8.9	4.8	5.1	
10158  	устье	устье	s	7.3	7.1	13.3	5.3	3.0	7.0	6.3	
10159  	утопия	утопия	s	7.3	1.2	2.9	2.8	0.0	5.1	11.0	
10160  	уязвимый	уязвимый	a	7.3	3.2	3.7	4.2	1.5	6.2	9.5	
10161  	фермент	фермент	s	7.3	3.4	0.0	0.6	0.0	3.3	2.8	
10162  	хождение	хождение	s	7.3	4.1	6.0	5.8	20.8	17.2	9.3	
10163  	чело	чело	s	7.3	3.0	4.2	4.0	8.9	8.4	8.2	
10164  	щуриться	щуриться	v	7.3	23.0	16.1	15.1	11.9	4.0	1.7	
10165  	этак	этак	advpro	7.3	11.2	18.0	11.8	5.9	6.2	4.0	
10166  	ассоциироваться	ассоциироваться	v	7.2	1.6	1.0	2.0	4.5	4.0	11.5	
10167  	баночка	баночка	s	7.2	6.4	10.1	11.8	1.5	8.1	5.5	
10168  	белесый	белесый	a	7.2	17.6	15.5	16.1	5.9	4.4	1.8	
10169  	бородка	бородка	s	7.2	16.5	14.7	11.0	20.8	12.5	4.0	
10170  	босиком	босиком	adv	7.2	16.5	12.9	12.4	5.9	6.2	4.3	
10171  	бухгалтерия	бухгалтерия	s	7.2	5.7	7.9	9.4	7.4	3.7	7.6	
10172  	влажность	влажность	s	7.2	3.2	1.1	1.6	8.9	6.2	7.1	
10173  	возобновление	возобновление	s	7.2	1.1	0.0	0.9	5.9	6.6	7.8	
10174  	вредитель	вредитель	s	7.2	6.2	5.1	2.2	3.0	14.3	6.0	
10175  	все	все	part	7.2	27.5	7.3	5.3	1.5	3.7	6.8	
10176  	всхлипывать	всхлипывать	v	7.2	20.0	16.5	15.7	1.5	1.8	1.7	
10177  	выговаривать	выговаривать	v	7.2	16.5	13.2	12.0	13.3	10.6	4.0	
10178  	выживать	выживать	v	7.2	2.8	2.7	5.9	1.5	6.2	11.3	
10179  	выручать	выручать	v	7.2	11.9	8.4	9.2	7.4	11.7	7.0	
10180  	вытеснить	вытеснить	v	7.2	4.6	4.9	6.0	7.4	7.7	9.2	
10181  	гардероб	гардероб	s	7.2	5.7	8.2	9.7	8.9	8.8	7.9	
10182  	горевать	горевать	v	7.2	11.5	12.2	11.3	10.4	6.2	4.9	
10183  	горлышко	горлышко	s	7.2	11.0	10.5	16.0	1.5	3.3	3.5	
10184  	грохотать	грохотать	v	7.2	16.8	22.6	11.2	7.4	5.5	3.1	
10185  	деформация	деформация	s	7.2	1.1	0.6	0.6	3.0	5.1	4.8	
10186  	деятельный	деятельный	a	7.2	4.4	5.9	4.3	14.8	8.4	8.3	
10187  	жесткость	жесткость	s	7.2	2.1	2.6	2.9	0.0	3.3	9.2	
10188  	журнальный	журнальный	a	7.2	1.6	5.8	11.3	7.4	5.1	7.8	
10189  	закупить	закупить	v	7.2	1.6	1.5	4.2	3.0	7.0	12.7	
10190  	застой	застой	s	7.2	0.7	1.1	2.9	0.0	4.8	13.6	
10191  	изобразительный	изобразительный	a	7.2	2.1	1.7	0.9	29.6	12.5	9.9	
10192  	канун	канун	s	7.2	2.8	2.3	4.4	10.4	13.6	11.6	
10193  	компот	компот	s	7.2	9.2	11.1	10.2	5.9	5.5	6.7	
10194  	контрразведка	контрразведка	s	7.2	8.7	23.3	5.3	1.5	7.3	7.8	
10195  	корректировка	корректировка	s	7.2	0.0	0.0	0.7	0.0	1.8	9.1	
10196  	красочный	красочный	a	7.2	5.7	3.8	5.0	48.9	10.6	9.6	
10197  	краткосрочный	краткосрочный	a	7.2	1.4	0.5	1.0	1.5	3.7	9.0	
10198  	купля-продажа	купля-продажа	s	7.2	0.0	0.0	1.5	0.0	0.7	7.2	
10199  	лай	лай	s	7.2	19.1	13.9	11.6	8.9	9.2	4.0	
10200  	лука	лука	s	7.2	17.7	8.9	7.4	3.0	13.2	4.0	
10201  	малина	малина	s	7.2	11.7	9.6	10.1	4.5	4.4	6.1	
10202  	малое	малое	s	7.2	4.4	8.1	7.6	3.0	11.7	8.3	
10203  	медлить	медлить	v	7.2	15.2	11.8	13.4	19.3	9.5	3.6	
10204  	мельчайший	мельчайший	a	7.2	8.9	8.1	8.0	11.9	10.6	6.4	
10205  	морг	морг	s	7.2	3.9	7.8	16.4	3.0	6.2	5.2	
10206  	мускул	мускул	s	7.2	23.9	11.0	9.7	3.0	8.4	4.2	
10207  	навес	навес	s	7.2	12.8	13.9	11.4	10.4	11.4	4.3	
10208  	наручник	наручник	s	7.2	4.2	4.6	17.4	0.0	2.9	5.2	
10209  	невнятный	невнятный	a	7.2	7.6	10.7	13.2	1.5	3.7	6.0	
10210  	недоуменно	недоуменно	adv	7.2	20.0	12.7	15.0	4.5	3.7	3.0	
10211  	немало	немало	adv	7.2	3.9	5.1	6.3	5.9	19.1	10.0	
10212  	неудивительно	неудивительно	adv	7.2	0.0	0.9	4.0	7.4	5.1	12.4	
10213  	ностальгия	ностальгия	s	7.2	1.6	2.8	5.3	4.5	6.6	12.7	
10214  	облегченно	облегченно	adv	7.2	18.8	13.7	13.9	8.9	5.9	3.2	
10215  	обозреватель	обозреватель	s	7.2	1.1	1.1	2.4	4.5	1.5	15.6	
10216  	оккупация	оккупация	s	7.2	5.5	8.1	3.1	13.3	17.6	10.1	
10217  	осенить	осенить	v	7.2	12.9	9.6	13.0	5.9	9.2	4.7	
10218  	откликаться	откликаться	v	7.2	9.4	11.5	9.5	5.9	9.5	6.5	
10219  	параллель	параллель	s	7.2	1.4	5.6	3.1	7.4	9.9	9.1	
10220  	парик	парик	s	7.2	6.6	9.5	9.4	7.4	15.0	7.9	
10221  	патология	патология	s	7.2	0.7	1.5	3.2	3.0	2.2	5.7	
10222  	переплет	переплет	s	7.2	14.0	12.2	9.0	19.3	10.3	6.0	
10223  	петровский	петровский	a	7.2	1.1	4.0	2.2	5.9	7.3	7.9	
10224  	плотник	плотник	s	7.2	16.1	19.3	5.6	34.1	15.0	5.3	
10225  	поджечь	поджечь	v	7.2	12.9	14.8	11.3	7.4	5.9	4.7	
10226  	покровитель	покровитель	s	7.2	2.5	5.8	6.1	7.4	8.8	10.0	
10227  	полежать	полежать	v	7.2	17.6	15.6	12.8	1.5	7.0	2.3	
10228  	полимерный	полимерный	a	7.2	0.0	0.0	0.0	8.9	1.1	3.1	
10229  	полпред	полпред	s	7.2	0.3	0.0	0.0	7.4	2.9	18.0	
10230  	полуфабрикат	полуфабрикат	s	7.2	0.3	1.1	1.0	0.0	1.8	5.0	
10231  	полюбоваться	полюбоваться	v	7.2	13.8	12.9	11.5	10.4	5.9	4.7	
10232  	поодаль	поодаль	adv	7.2	19.0	14.1	14.1	10.4	3.7	2.6	
10233  	послушание	послушание	s	7.2	3.9	3.7	3.0	3.0	4.4	6.2	
10234  	по-французски	по-французски	adv	7.2	4.2	10.2	8.6	32.6	9.5	7.6	
10235  	пресс	пресс	s	7.2	2.1	4.0	3.3	11.9	5.1	10.3	
10236  	прибить	прибить	v	7.2	14.0	15.7	12.2	8.9	8.4	3.5	
10237  	примерный	примерный	a	7.2	3.9	5.9	5.7	4.5	5.5	8.0	
10238  	проворчать	проворчать	v	7.2	18.4	18.3	16.6	0.0	0.7	1.4	
10239  	пятилетка	пятилетка	s	7.2	4.2	4.6	3.3	47.4	44.8	6.9	
10240  	радужный	радужный	a	7.2	9.2	7.5	11.7	7.4	9.2	6.6	
10241  	разъяснять	разъяснять	v	7.2	8.7	4.7	4.0	8.9	13.9	7.5	
10242  	раскинуть	раскинуть	v	7.2	15.9	14.6	15.3	0.0	2.2	2.9	
10243  	растворяться	растворяться	v	7.2	8.0	6.5	9.5	5.9	6.2	5.5	
10244  	рейд	рейд	s	7.2	3.5	10.6	4.6	23.7	11.7	9.0	
10245  	реквизит	реквизит	s	7.2	0.9	3.8	3.2	1.5	33.0	8.0	
10246  	рукопашный	рукопашный	a	7.2	1.8	2.0	3.3	1.5	1.8	13.1	
10247  	сетовать	сетовать	v	7.2	3.0	5.1	5.3	8.9	9.9	11.2	
10248  	слепой	слепой	s	7.2	10.3	11.4	11.1	3.0	6.2	4.6	
10249  	спальный	спальный	a	7.2	3.5	9.8	7.5	22.2	12.5	8.6	
10250  	стиральный	стиральный	a	7.2	2.1	4.7	8.5	0.0	8.1	6.5	
10251  	стрижка	стрижка	s	7.2	2.5	3.5	10.6	1.5	7.3	6.5	
10252  	сунуться	сунуться	v	7.2	12.4	13.6	17.3	3.0	3.3	2.5	
10253  	тендер	тендер	s	7.2	1.8	4.2	0.6	1.5	1.1	14.6	
10254  	травить	травить	v	7.2	10.6	8.2	10.2	8.9	9.9	6.5	
10255  	уведомление	уведомление	s	7.2	0.7	1.0	2.3	0.0	0.7	5.9	
10256  	увлекать	увлекать	v	7.2	7.8	7.5	8.3	16.3	15.4	6.6	
10257  	угодный	угодный	a	7.2	5.0	5.0	11.3	5.9	8.4	6.2	
10258  	усик	усик	s	7.2	17.6	13.4	8.7	0.0	5.9	3.2	
10259  	ускользать	ускользать	v	7.2	8.5	10.0	11.9	10.4	4.0	5.1	
10260  	фанерный	фанерный	a	7.2	16.1	14.6	10.8	5.9	8.8	4.7	
10261  	филармония	филармония	s	7.2	2.7	2.8	3.1	10.4	11.7	14.2	
10262  	хищный	хищный	a	7.2	12.4	5.6	13.7	4.5	7.0	4.6	
10263  	цветущий	цветущий	a	7.2	7.1	5.9	8.7	11.9	7.3	7.0	
10264  	эталон	эталон	s	7.2	0.7	1.9	1.1	4.5	7.0	5.7	
10265  	яр	яр	s	7.2	12.6	29.0	1.7	3.0	5.5	8.1	
10266  	аванс	аванс	s	7.1	4.2	7.9	10.3	11.9	3.7	8.0	
10267  	адвокатский	адвокатский	a	7.1	0.5	0.6	1.9	0.0	0.0	6.8	
10268  	аттракцион	аттракцион	s	7.1	1.8	4.0	3.3	5.9	18.7	12.4	
10269  	безработный	безработный	s	7.1	0.0	1.4	2.1	13.3	9.9	9.6	
10270  	березка	березка	s	7.1	21.4	13.8	8.9	4.5	2.9	5.2	
10271  	беспрецедентный	беспрецедентный	a	7.1	1.4	1.5	1.8	0.0	2.2	14.1	
10272  	будильник	будильник	s	7.1	8.9	14.6	11.9	3.0	5.5	4.3	
10273  	ватник	ватник	s	7.1	31.4	14.4	10.3	5.9	2.9	3.2	
10274  	византийский	византийский	a	7.1	2.1	1.4	3.6	3.0	3.7	6.0	
10275  	во	во	part	7.1	9.8	15.2	14.5	1.5	1.1	2.8	
10276  	войсковой	войсковой	a	7.1	1.6	9.6	2.8	3.0	6.2	10.1	
10277  	восьмерка	восьмерка	s	7.1	2.3	4.3	6.6	0.0	2.2	9.2	
10278  	вроде	вроде	adv	7.1	11.9	13.8	9.2	4.5	2.2	4.0	
10279  	выкупить	выкупить	v	7.1	2.1	1.4	7.2	0.0	2.6	10.8	
10280  	голубчик	голубчик	s	7.1	15.2	17.8	13.9	4.5	3.3	2.5	
10281  	громоздкий	громоздкий	a	7.1	11.9	8.3	7.7	5.9	11.4	6.6	
10282  	дизель	дизель	s	7.1	3.9	6.9	3.9	4.5	13.2	7.2	
10283  	допить	допить	v	7.1	11.2	11.6	19.3	4.5	0.0	1.6	
10284  	дорожить	дорожить	v	7.1	8.0	8.3	7.3	11.9	13.2	7.6	
10285  	жилка	жилка	s	7.1	8.0	8.3	7.0	11.9	6.6	2.1	
10286  	забываться	забываться	v	7.1	6.9	12.2	7.9	14.8	9.9	7.0	
10287  	загс	загс	s	7.1	4.6	7.5	9.0	0.0	3.7	7.0	
10288  	зарубежье	зарубежье	s	7.1	0.0	0.0	1.5	5.9	1.8	13.5	
10289  	застывший	застывший	a	7.1	13.1	10.0	12.8	4.5	7.0	3.8	
10290  	заткнуть	заткнуть	v	7.1	12.6	16.1	13.3	5.9	3.7	3.4	
10291  	зек	зек	s	7.1	0.7	8.2	17.9	0.0	2.2	5.0	
10292  	иерархический	иерархический	a	7.1	1.1	0.0	1.3	0.0	1.5	3.8	
10293  	изначальный	изначальный	a	7.1	1.8	3.5	5.8	5.9	8.4	8.6	
10294  	интенсивно	интенсивно	adv	7.1	0.0	1.3	1.8	3.0	4.4	8.3	
10295  	исчисление	исчисление	s	7.1	3.0	0.8	0.9	5.9	2.6	6.2	
10296  	как-никак	как-никак	advpro	7.1	11.9	12.8	11.7	5.9	7.7	5.0	
10297  	каприз	каприз	s	7.1	5.8	10.6	8.4	7.4	9.2	7.8	
10298  	кара	кара	s	7.1	4.6	8.2	12.4	19.3	8.8	5.8	
10299  	коврик	коврик	s	7.1	7.6	7.4	10.9	4.5	6.2	6.2	
10300  	корреляция	корреляция	s	7.1	0.0	0.0	0.0	0.0	0.0	0.9	
10301  	краешек	краешек	s	7.1	17.4	14.3	15.3	1.5	5.9	1.9	
10302  	лапоть	лапоть	s	7.1	8.2	8.7	17.9	4.5	7.3	3.0	
10303  	лаять	лаять	v	7.1	14.0	18.9	11.1	7.4	8.8	3.6	
10304  	ливень	ливень	s	7.1	11.9	12.3	11.4	17.8	5.5	5.0	
10305  	мириться	мириться	v	7.1	9.2	8.1	6.2	11.9	9.5	8.0	
10306  	мужичок	мужичок	s	7.1	6.0	8.2	16.3	1.5	4.4	4.3	
10307  	мутация	мутация	s	7.1	0.5	5.5	1.0	0.0	0.0	2.4	
10308  	напрашиваться	напрашиваться	v	7.1	4.2	5.1	7.7	1.5	9.9	8.5	
10309  	национализм	национализм	s	7.1	3.2	1.8	1.3	5.9	11.7	11.5	
10310  	невежество	невежество	s	7.1	12.8	8.1	4.7	32.6	13.2	7.5	
10311  	неизбежность	неизбежность	s	7.1	4.2	5.1	5.8	4.5	7.3	9.3	
10312  	обжигать	обжигать	v	7.1	12.1	11.6	13.2	5.9	8.8	3.8	
10313  	огорчение	огорчение	s	7.1	14.9	11.8	6.6	17.8	17.2	6.0	
10314  	оккупировать	оккупировать	v	7.1	12.9	5.5	3.5	1.5	13.6	10.4	
10315  	ордер	ордер	s	7.1	5.5	11.8	6.7	3.0	13.2	6.8	
10316  	откос	откос	s	7.1	23.9	12.4	7.1	5.9	4.4	3.8	
10317  	перевал	перевал	s	7.1	12.4	17.3	5.2	10.4	8.4	6.0	
10318  	переговариваться	переговариваться	v	7.1	16.3	14.4	12.2	4.5	8.8	3.5	
10319  	перепугать	перепугать	v	7.1	7.3	11.6	14.7	7.4	4.8	5.0	
10320  	перстень	перстень	s	7.1	4.1	7.5	16.2	4.5	2.9	4.3	
10321  	пешеход	пешеход	s	7.1	9.6	7.5	6.5	11.9	9.5	8.7	
10322  	пламенный	пламенный	a	7.1	6.2	4.2	7.0	14.8	8.1	8.5	
10323  	пластический	пластический	a	7.1	2.3	1.4	2.4	31.1	4.8	9.8	
10324  	подонок	подонок	s	7.1	6.6	11.4	14.3	5.9	0.7	5.2	
10325  	познавательный	познавательный	a	7.1	0.0	0.9	1.3	3.0	1.5	3.5	
10326  	поисковый	поисковый	a	7.1	1.9	3.1	1.1	0.0	1.8	7.9	
10327  	покрывало	покрывало	s	7.1	9.0	7.5	13.2	3.0	8.1	5.0	
10328  	полушубок	полушубок	s	7.1	40.8	20.5	6.3	1.5	11.0	2.4	
10329  	поневоле	поневоле	adv	7.1	7.6	7.5	10.2	8.9	12.5	6.8	
10330  	посматривать	посматривать	v	7.1	14.4	15.1	14.4	5.9	5.1	2.8	
10331  	постановить	постановить	v	7.1	2.8	4.7	3.5	13.3	5.9	6.3	
10332  	посыпать	посыпать	v	7.1	8.2	9.1	7.2	4.5	15.4	6.5	
10333  	правящий	правящий	a	7.1	3.4	0.8	1.0	4.5	16.9	12.7	
10334  	предчувствовать	предчувствовать	v	7.1	5.5	13.6	11.0	10.4	11.7	5.7	
10335  	привидение	привидение	s	7.1	7.6	6.4	12.1	14.8	5.1	6.7	
10336  	придавить	придавить	v	7.1	14.4	14.2	13.8	4.5	7.7	3.4	
10337  	присвоение	присвоение	s	7.1	2.8	1.1	2.1	3.0	4.4	9.1	
10338  	пронизывать	пронизывать	v	7.1	10.3	6.0	5.9	5.9	10.3	5.6	
10339  	пророчество	пророчество	s	7.1	2.3	2.8	8.1	7.4	5.1	6.8	
10340  	просвечивать	просвечивать	v	7.1	12.6	9.1	9.0	3.0	5.9	3.9	
10341  	противопоставить	противопоставить	v	7.1	3.7	2.8	2.4	10.4	12.8	8.7	
10342  	раздобыть	раздобыть	v	7.1	9.0	13.6	9.6	5.9	12.5	6.3	
10343  	рассеянный	рассеянный	a	7.1	12.4	12.0	9.5	5.9	8.4	3.9	
10344  	рослый	рослый	a	7.1	15.1	17.3	13.0	10.4	8.8	2.8	
10345  	сабля	сабля	s	7.1	7.1	18.8	11.8	4.5	6.2	4.9	
10346  	сатана	сатана	s	7.1	5.3	6.3	9.9	4.5	2.2	5.1	
10347  	сизый	сизый	a	7.1	16.3	11.9	14.8	10.4	2.6	2.7	
10348  	скрипач	скрипач	s	7.1	6.2	6.4	5.5	3.0	15.4	10.8	
10349  	сливочный	сливочный	a	7.1	5.1	4.0	5.2	4.5	12.1	6.3	
10350  	служитель	служитель	s	7.1	6.4	7.7	7.8	4.5	9.5	6.9	
10351  	смыть	смыть	v	7.1	7.1	10.4	11.3	4.5	7.7	5.5	
10352  	созерцание	созерцание	s	7.1	4.8	2.2	6.3	5.9	7.3	6.0	
10353  	сословие	сословие	s	7.1	2.5	2.8	4.5	7.4	16.1	9.3	
10354  	спасть	спасть	v	7.1	10.5	12.0	12.1	7.4	5.9	5.0	
10355  	ссуда	ссуда	s	7.1	3.9	1.0	1.7	4.5	11.0	8.5	
10356  	старомодный	старомодный	a	7.1	14.4	11.5	9.7	16.3	13.6	5.5	
10357  	староста	староста	s	7.1	7.6	13.7	9.0	16.3	16.5	6.0	
10358  	стойкость	стойкость	s	7.1	9.4	3.6	2.5	8.9	18.0	6.8	
10359  	струиться	струиться	v	7.1	12.4	11.6	13.5	8.9	2.9	4.1	
10360  	тщетно	тщетно	adv	7.1	10.6	6.1	10.6	13.3	11.7	6.3	
10361  	уважительный	уважительный	a	7.1	5.5	7.9	4.5	1.5	2.2	7.0	
10362  	уговор	уговор	s	7.1	6.2	7.5	10.9	11.9	9.9	6.7	
10363  	уклад	уклад	s	7.1	3.5	1.8	3.2	10.4	23.1	9.9	
10364  	уклоняться	уклоняться	v	7.1	8.2	7.3	6.2	11.9	5.1	7.4	
10365  	утвердиться	утвердиться	v	7.1	4.2	7.4	6.4	7.4	13.9	7.1	
10366  	ученица	ученица	s	7.1	9.0	4.5	7.0	16.3	11.0	8.3	
10367  	чернота	чернота	s	7.1	19.3	15.9	13.6	16.3	5.1	2.1	
10368  	чучело	чучело	s	7.1	10.1	13.7	11.6	14.8	11.0	4.6	
10369  	шествие	шествие	s	7.1	3.7	6.7	5.6	11.9	7.7	8.7	
10370  	шторм	шторм	s	7.1	11.0	12.7	6.6	23.7	10.3	6.7	
10371  	экспансия	экспансия	s	7.1	0.0	0.0	1.1	1.5	0.0	12.6	
10372  	аккорд	аккорд	s	7.0	7.1	6.9	7.0	1.5	11.0	7.8	
10373  	аллергия	аллергия	s	7.0	1.2	1.3	5.1	0.0	0.0	9.8	
10374  	бабушкин	бабушкин	a	7.0	5.7	7.2	12.7	13.3	4.4	6.3	
10375  	бездомный	бездомный	a	7.0	3.0	6.8	7.3	10.4	10.6	9.2	
10376  	безжалостно	безжалостно	adv	7.0	8.9	5.6	10.7	5.9	6.6	7.3	
10377  	безразличие	безразличие	s	7.0	11.7	8.1	8.6	4.5	10.6	4.8	
10378  	бесследно	бесследно	adv	7.0	6.9	7.2	8.0	10.4	10.3	8.3	
10379  	бомбежка	бомбежка	s	7.0	31.2	7.3	3.5	4.5	15.8	7.5	
10380  	вдохнуть	вдохнуть	v	7.0	5.7	8.1	13.0	10.4	5.1	5.4	
10381  	вдыхать	вдыхать	v	7.0	11.7	8.2	14.8	7.4	5.1	4.1	
10382  	веточка	веточка	s	7.0	11.2	10.4	8.3	5.9	5.5	5.3	
10383  	волжский	волжский	a	7.0	6.7	3.2	3.0	4.5	20.2	11.4	
10384  	вражда	вражда	s	7.0	6.4	6.8	5.1	13.3	5.9	8.4	
10385  	вручение	вручение	s	7.0	1.1	1.3	2.1	3.0	2.9	10.7	
10386  	выбивать	выбивать	v	7.0	8.2	9.5	9.7	4.5	7.3	6.7	
10387  	вывалиться	вывалиться	v	7.0	10.8	13.4	16.1	1.5	1.1	2.9	
10388  	вылечить	вылечить	v	7.0	8.7	7.4	9.2	14.8	6.6	5.5	
10389  	высохнуть	высохнуть	v	7.0	11.5	11.9	12.1	7.4	5.5	3.8	
10390  	выстраивать	выстраивать	v	7.0	1.2	2.2	4.9	3.0	7.3	11.5	
10391  	генетика	генетика	s	7.0	0.7	14.1	3.5	4.5	2.2	4.5	
10392  	голодать	голодать	v	7.0	7.6	8.1	8.2	10.4	19.1	6.8	
10393  	добротный	добротный	a	7.0	6.2	7.0	9.2	14.8	17.2	6.9	
10394  	дотянуться	дотянуться	v	7.0	10.3	12.7	14.5	5.9	4.0	3.9	
10395  	загонять	загонять	v	7.0	5.3	8.7	9.7	5.9	10.3	7.3	
10396  	зазвучать	зазвучать	v	7.0	11.9	9.6	8.1	5.9	11.0	7.1	
10397  	заснеженный	заснеженный	a	7.0	7.6	10.7	11.5	4.5	7.0	6.2	
10398  	захлебываться	захлебываться	v	7.0	16.7	13.4	12.2	5.9	5.9	3.9	
10399  	изгнание	изгнание	s	7.0	4.2	4.0	5.8	20.8	7.7	9.4	
10400  	излучать	излучать	v	7.0	3.4	5.1	8.1	13.3	2.9	6.2	
10401  	инвестирование	инвестирование	s	7.0	0.0	0.0	0.0	0.0	0.0	13.3	
10402  	кант	кант	s	7.0	3.5	4.1	3.7	1.5	6.6	5.7	
10403  	карманный	карманный	a	7.0	7.1	8.8	7.0	7.4	8.4	8.6	
10404  	когда-либо	когда-либо	advpro	7.0	6.7	5.6	5.6	11.9	15.8	7.7	
10405  	колотить	колотить	v	7.0	11.9	13.3	15.0	7.4	3.7	3.1	
10406  	командор	командор	s	7.0	0.0	29.9	13.2	0.0	2.9	2.5	
10407  	консолидация	консолидация	s	7.0	0.0	0.0	0.0	0.0	2.2	13.5	
10408  	контрактный	контрактный	a	7.0	0.0	0.0	0.0	0.0	0.0	15.0	
10409  	косо	косо	adv	7.0	21.3	14.3	9.6	3.0	2.2	1.9	
10410  	кошачий	кошачий	a	7.0	18.6	7.4	14.0	3.0	1.8	3.6	
10411  	мандат	мандат	s	7.0	1.6	2.3	3.2	5.9	8.1	12.3	
10412  	мешочек	мешочек	s	7.0	10.8	13.7	10.9	5.9	7.3	4.2	
10413  	наивно	наивно	adv	7.0	6.2	3.8	7.0	10.4	11.4	9.6	
10414  	настороженно	настороженно	adv	7.0	15.6	12.2	11.6	1.5	7.0	4.8	
10415  	невыносимо	невыносимо	adv	7.0	12.1	10.0	13.1	3.0	7.0	4.5	
10416  	неслыханный	неслыханный	a	7.0	9.2	11.2	7.8	8.9	11.0	7.2	
10417  	нефтяник	нефтяник	s	7.0	0.0	0.8	1.0	7.4	5.1	16.0	
10418  	ниже	ниже	pr	7.0	6.9	5.6	3.5	1.5	3.7	7.3	
10419  	обиженно	обиженно	adv	7.0	17.7	14.3	15.7	3.0	2.2	2.1	
10420  	объективность	объективность	s	7.0	2.7	2.7	2.3	3.0	8.1	8.8	
10421  	ор	ор	s	7.0	0.0	0.9	16.3	3.0	1.8	3.2	
10422  	оснащение	оснащение	s	7.0	0.3	0.0	0.9	0.0	1.5	12.4	
10423  	отправление	отправление	s	7.0	5.0	4.5	4.5	4.5	4.4	4.8	
10424  	переводиться	переводиться	v	7.0	1.9	2.8	4.4	14.8	6.2	9.5	
10425  	переть	переть	v	7.0	12.4	15.1	12.6	1.5	3.3	2.9	
10426  	пешка	пешка	s	7.0	6.6	9.2	5.3	14.8	4.8	10.9	
10427  	подбить	подбить	v	7.0	19.3	13.9	9.2	13.3	5.9	4.9	
10428  	потирать	потирать	v	7.0	18.6	13.8	13.7	7.4	4.4	2.8	
10429  	похмелье	похмелье	s	7.0	5.0	10.7	14.3	0.0	0.7	5.3	
10430  	почтительно	почтительно	adv	7.0	20.7	13.2	10.8	10.4	10.3	3.5	
10431  	придурок	придурок	s	7.0	3.2	4.2	18.3	0.0	3.3	3.8	
10432  	присматриваться	присматриваться	v	7.0	12.6	11.6	8.8	5.9	11.4	6.3	
10433  	прокладка	прокладка	s	7.0	1.4	2.3	3.5	4.5	8.1	8.7	
10434  	прямоугольный	прямоугольный	a	7.0	5.5	2.6	5.7	0.0	3.7	4.2	
10435  	пряник	пряник	s	7.0	10.3	6.8	10.9	5.9	4.8	6.4	
10436  	псих	псих	s	7.0	10.6	8.7	16.0	1.5	3.7	3.1	
10437  	пыл	пыл	s	7.0	5.7	6.1	10.3	10.4	8.1	7.5	
10438  	русый	русый	a	7.0	10.8	7.0	12.0	14.8	2.6	5.0	
10439  	сбой	сбой	s	7.0	0.0	1.9	5.8	0.0	2.9	10.7	
10440  	сезонный	сезонный	a	7.0	0.0	1.9	1.5	4.5	5.5	9.6	
10441  	сербский	сербский	a	7.0	0.0	6.4	2.1	4.5	0.7	12.5	
10442  	сирена	сирена	s	7.0	15.9	6.9	12.6	10.4	7.3	5.1	
10443  	скрестить	скрестить	v	7.0	13.1	12.0	14.2	3.0	6.2	3.2	
10444  	скупой	скупой	a	7.0	9.0	6.9	7.6	7.4	11.0	8.0	
10445  	смятение	смятение	s	7.0	12.1	9.5	10.4	11.9	11.7	5.6	
10446  	сосредоточенно	сосредоточенно	adv	7.0	20.2	12.8	13.7	1.5	6.6	2.6	
10447  	сотрудница	сотрудница	s	7.0	2.8	4.5	7.5	7.4	6.2	9.2	
10448  	спасательный	спасательный	a	7.0	6.7	11.1	4.9	10.4	4.8	8.1	
10449  	спешка	спешка	s	7.0	7.1	10.4	10.0	4.5	11.7	6.3	
10450  	спешно	спешно	adv	7.0	8.0	10.2	10.1	8.9	8.1	6.9	
10451  	терпеливый	терпеливый	a	7.0	10.5	13.3	8.6	11.9	8.1	6.0	
10452  	торможение	торможение	s	7.0	4.1	1.8	1.5	4.5	3.3	9.0	
10453  	тульский	тульский	a	7.0	1.6	2.7	3.6	13.3	15.0	10.6	
10454  	тягостный	тягостный	a	7.0	9.9	13.7	9.5	14.8	10.3	5.7	
10455  	увидать	увидать	v	7.0	8.3	14.6	13.0	11.9	5.9	4.1	
10456  	уран	уран	s	7.0	0.5	2.0	2.7	1.5	1.8	10.4	
10457  	участковый	участковый	a	7.0	16.3	3.6	5.3	5.9	1.1	6.1	
10458  	фиксированный	фиксированный	a	7.0	0.0	0.0	0.6	0.0	0.0	7.0	
10459  	че	че	spro	7.0	2.3	35.6	10.4	0.0	0.7	1.3	
10460  	чудиться	чудиться	v	7.0	14.0	17.3	13.3	1.5	10.6	2.7	
10461  	аномалия	аномалия	s	6.9	1.4	2.3	1.4	3.0	3.3	4.1	
10462  	багровый	багровый	a	6.9	16.1	12.8	15.0	7.4	5.1	2.3	
10463  	бандитский	бандитский	a	6.9	3.7	3.3	11.6	0.0	9.2	8.3	
10464  	безжалостный	безжалостный	a	6.9	9.4	6.0	10.0	3.0	8.1	7.4	
10465  	безобразный	безобразный	a	6.9	8.2	10.9	11.8	5.9	4.4	4.9	
10466  	беспокойный	беспокойный	a	6.9	12.8	8.6	9.0	16.3	9.5	5.9	
10467  	бесцветный	бесцветный	a	6.9	11.5	9.8	12.1	7.4	4.0	3.1	
10468  	болотный	болотный	a	6.9	9.2	9.7	12.8	7.4	2.2	4.0	
10469  	брюшко	брюшко	s	6.9	6.0	4.3	4.9	4.5	0.0	0.9	
10470  	венгерский	венгерский	a	6.9	3.9	4.2	3.5	11.9	10.6	11.2	
10471  	витать	витать	v	6.9	3.9	8.6	9.4	13.3	3.7	8.0	
10472  	внешнеполитический	внешнеполитический	a	6.9	0.0	0.0	0.0	0.0	0.0	12.5	
10473  	военкомат	военкомат	s	6.9	8.2	8.1	8.0	0.0	5.9	8.8	
10474  	вручную	вручную	adv	6.9	3.4	2.8	3.0	13.3	8.8	9.7	
10475  	вскричать	вскричать	v	6.9	16.5	15.1	14.8	1.5	2.6	2.2	
10476  	гитлеровский	гитлеровский	a	6.9	11.3	6.0	1.2	19.3	24.6	11.0	
10477  	графин	графин	s	6.9	12.8	18.8	12.7	4.5	5.1	2.9	
10478  	деликатно	деликатно	adv	6.9	9.8	10.0	10.7	4.5	4.8	6.3	
10479  	достоверно	достоверно	adv	6.9	2.3	4.5	2.5	3.0	7.0	5.3	
10480  	древнейший	древнейший	a	6.9	5.1	3.2	3.1	5.9	11.4	7.9	
10481  	дырочка	дырочка	s	6.9	9.2	10.0	13.3	11.9	5.1	3.5	
10482  	зависимый	зависимый	a	6.9	3.5	2.6	2.6	1.5	8.1	7.6	
10483  	задушить	задушить	v	6.9	12.1	10.1	11.2	7.4	8.4	5.0	
10484  	застегнуть	застегнуть	v	6.9	20.0	15.0	13.3	1.5	4.8	2.4	
10485  	затягиваться	затягиваться	v	6.9	12.1	8.2	9.9	5.9	5.9	6.6	
10486  	злобно	злобно	adv	6.9	14.7	12.8	15.5	4.5	4.0	2.4	
10487  	киллер	киллер	s	6.9	0.0	0.0	16.9	0.0	0.0	6.6	
10488  	комбинированный	комбинированный	a	6.9	2.7	0.6	1.0	1.5	1.8	6.3	
10489  	косметический	косметический	a	6.9	0.5	0.9	3.6	3.0	1.8	10.1	
10490  	красотка	красотка	s	6.9	3.2	8.6	13.7	5.9	4.8	5.2	
10491  	масляный	масляный	a	6.9	6.9	8.2	7.7	7.4	5.1	6.0	
10492  	медвежонок	медвежонок	s	6.9	1.6	37.6	8.6	3.0	7.7	2.9	
10493  	мозговой	мозговой	a	6.9	3.0	2.2	5.2	3.0	1.8	5.7	
10494  	наглость	наглость	s	6.9	7.1	10.0	11.2	8.9	4.8	5.9	
10495  	неживой	неживой	a	6.9	10.6	10.5	9.4	1.5	3.3	3.0	
10496  	незаурядный	незаурядный	a	6.9	4.4	7.0	4.6	10.4	16.9	9.7	
10497  	нездоровый	нездоровый	a	6.9	9.8	11.4	8.6	7.4	7.0	6.9	
10498  	непросто	непросто	adv	6.9	1.6	3.7	4.5	1.5	7.3	11.6	
10499  	нефтепродукты	нефтепродукты	s	6.9	0.0	0.0	0.6	1.5	2.9	10.0	
10500  	обиход	обиход	s	6.9	4.1	4.6	4.6	11.9	18.0	8.8	
10501  	одноименный	одноименный	a	6.9	0.0	0.0	2.1	3.0	2.6	11.1	
10502  	опровергать	опровергать	v	6.9	5.1	4.6	4.0	11.9	11.7	9.7	
10503  	освятить	освятить	v	6.9	1.8	2.2	3.9	3.0	4.4	8.0	
10504  	отменный	отменный	a	6.9	2.7	6.0	9.0	4.5	7.3	8.1	
10505  	отпасть	отпасть	v	6.9	4.4	7.9	7.2	3.0	7.0	6.8	
10506  	отрабатывать	отрабатывать	v	6.9	4.1	5.0	6.7	4.5	6.6	9.1	
10507  	отрубить	отрубить	v	6.9	9.0	10.1	13.7	7.4	6.2	3.8	
10508  	отход	отход	s	6.9	10.8	11.2	4.1	3.0	9.5	7.1	
10509  	перевозить	перевозить	v	6.9	3.5	5.8	4.1	0.0	9.9	10.0	
10510  	переименовать	переименовать	v	6.9	1.6	5.0	4.6	22.2	7.3	11.1	
10511  	переменить	переменить	v	6.9	15.8	12.5	8.6	14.8	11.7	4.3	
10512  	перечисление	перечисление	s	6.9	2.5	1.9	2.5	5.9	6.6	9.3	
10513  	поводок	поводок	s	6.9	6.7	16.2	12.7	3.0	4.8	4.1	
10514  	поглощение	поглощение	s	6.9	0.0	0.8	1.8	4.5	2.6	6.0	
10515  	подворотня	подворотня	s	6.9	6.0	12.3	15.9	8.9	2.2	3.7	
10516  	подносить	подносить	v	6.9	12.1	12.2	12.1	7.4	8.8	3.9	
10517  	подсунуть	подсунуть	v	6.9	9.0	10.9	14.4	5.9	7.0	3.6	
10518  	подхватывать	подхватывать	v	6.9	15.4	11.0	9.8	7.4	7.3	5.1	
10519  	поражаться	поражаться	v	6.9	4.8	8.1	8.3	4.5	14.3	6.6	
10520  	поспорить	поспорить	v	6.9	7.6	8.2	8.4	11.9	10.3	7.2	
10521  	пресс-секретарь	пресс-секретарь	s	6.9	0.0	0.0	2.1	0.0	0.7	16.4	
10522  	прибавиться	прибавиться	v	6.9	6.2	8.4	7.2	8.9	8.8	8.6	
10523  	прибавлять	прибавлять	v	6.9	9.8	8.1	6.5	11.9	10.3	5.9	
10524  	прилив	прилив	s	6.9	8.3	9.6	9.7	8.9	4.8	6.0	
10525  	проспать	проспать	v	6.9	15.8	9.3	13.1	3.0	5.1	3.6	
10526  	протереть	протереть	v	6.9	14.4	9.7	11.3	0.0	7.7	3.7	
10527  	процветание	процветание	s	6.9	1.8	1.9	3.5	5.9	3.7	11.6	
10528  	пьянка	пьянка	s	6.9	3.0	9.8	15.3	4.5	2.6	4.9	
10529  	разуметься	разуметься	v	6.9	8.2	8.4	6.6	22.2	10.3	6.3	
10530  	рассказчик	рассказчик	s	6.9	4.8	6.7	6.2	14.8	14.3	8.6	
10531  	рассудить	рассудить	v	6.9	9.0	9.2	11.5	3.0	7.0	5.6	
10532  	регулироваться	регулироваться	v	6.9	0.5	1.0	0.0	3.0	2.2	7.3	
10533  	родник	родник	s	6.9	5.8	5.0	5.1	10.4	2.9	10.2	
10534  	рыться	рыться	v	6.9	16.3	11.6	13.3	8.9	6.2	3.3	
10535  	рядовой	рядовой	s	6.9	8.5	7.8	9.4	3.0	7.0	7.8	
10536  	святость	святость	s	6.9	1.9	1.0	3.8	11.9	2.9	5.4	
10537  	седина	седина	s	6.9	11.7	11.6	11.8	7.4	11.0	4.3	
10538  	семечко	семечко	s	6.9	10.1	14.7	10.5	5.9	5.5	4.5	
10539  	сервисный	сервисный	a	6.9	0.0	0.0	0.0	0.0	0.0	10.3	
10540  	сжиматься	сжиматься	v	6.9	15.9	8.6	8.7	11.9	7.0	4.6	
10541  	симфонический	симфонический	a	6.9	3.4	3.3	2.4	8.9	18.3	13.2	
10542  	соломенный	соломенный	a	6.9	13.8	12.7	9.9	10.4	11.0	4.9	
10543  	сортир	сортир	s	6.9	1.6	4.0	17.5	0.0	1.5	5.3	
10544  	сползти	сползти	v	6.9	16.1	14.6	14.4	1.5	4.8	2.5	
10545  	стопроцентный	стопроцентный	a	6.9	1.2	4.5	5.3	3.0	5.1	11.3	
10546  	тащиться	тащиться	v	6.9	11.3	10.2	14.7	3.0	4.8	3.2	
10547  	тракт	тракт	s	6.9	8.2	4.5	4.7	1.5	6.2	5.7	
10548  	ударять	ударять	v	6.9	15.1	17.1	8.8	5.9	7.3	4.0	
10549  	удачливый	удачливый	a	6.9	3.7	9.6	9.2	5.9	8.1	7.6	
10550  	узник	узник	s	6.9	6.6	10.2	5.0	4.5	3.7	9.8	
10551  	ураган	ураган	s	6.9	7.6	8.2	10.7	10.4	4.0	5.8	
10552  	фига	фига	s	6.9	0.5	6.3	12.1	5.9	0.0	3.8	
10553  	хлам	хлам	s	6.9	7.4	12.2	10.8	7.4	7.3	5.8	
10554  	холостой	холостой	a	6.9	9.6	10.6	8.3	7.4	4.0	5.9	
10555  	хрипеть	хрипеть	v	6.9	18.6	14.7	13.6	7.4	4.0	2.5	
10556  	шасси	шасси	s	6.9	0.9	2.0	1.9	1.5	2.6	14.1	
10557  	шокировать	шокировать	v	6.9	0.9	3.5	5.3	3.0	4.0	11.5	
10558  	эмиссия	эмиссия	s	6.9	0.0	0.0	0.0	0.0	0.0	8.1	
10559  	явить	явить	v	6.9	0.5	2.0	5.8	8.9	1.5	7.3	
10560  	арифметика	арифметика	s	6.8	8.2	9.5	4.8	10.4	9.9	5.5	
10561  	беглый	беглый	a	6.8	9.0	10.5	10.4	4.5	7.0	5.5	
10562  	вакуум	вакуум	s	6.8	1.2	2.6	2.4	3.0	4.8	7.7	
10563  	вбежать	вбежать	v	6.8	15.9	12.9	13.0	3.0	9.2	3.1	
10564  	веять	веять	v	6.8	6.2	10.0	9.3	8.9	6.6	6.5	
10565  	взывать	взывать	v	6.8	5.7	7.2	8.6	8.9	5.9	6.0	
10566  	возродить	возродить	v	6.8	1.8	1.1	2.3	3.0	5.5	11.9	
10567  	волосатый	волосатый	a	6.8	12.2	11.6	14.5	4.5	0.7	3.4	
10568  	ворочаться	ворочаться	v	6.8	16.7	13.8	14.9	1.5	3.3	1.9	
10569  	воспроизвести	воспроизвести	v	6.8	3.2	3.1	3.6	38.5	9.9	8.0	
10570  	высовываться	высовываться	v	6.8	15.8	12.2	12.0	4.5	4.4	3.9	
10571  	выстроиться	выстроиться	v	6.8	10.3	8.3	9.7	4.5	6.2	6.9	
10572  	гасить	гасить	v	6.8	13.3	8.6	9.9	1.5	5.9	5.8	
10573  	горсть	горсть	s	6.8	13.1	12.4	13.3	14.8	3.3	3.5	
10574  	девятнадцать	девятнадцать	num	6.8	11.3	10.2	10.3	5.9	5.5	5.1	
10575  	дробь	дробь	s	6.8	16.3	12.2	9.4	4.5	6.2	3.0	
10576  	жемчужина	жемчужина	s	6.8	2.5	2.2	6.4	13.3	22.7	7.4	
10577  	заикаться	заикаться	v	6.8	12.4	16.4	9.7	4.5	5.9	4.7	
10578  	зайчик	зайчик	s	6.8	23.8	8.8	9.7	4.5	7.7	4.2	
10579  	закладывать	закладывать	v	6.8	5.5	6.7	5.9	5.9	9.9	7.9	
10580  	затеряться	затеряться	v	6.8	9.2	8.8	11.9	11.9	4.8	5.4	
10581  	ишь	ишь	intj	6.8	20.9	16.2	14.0	5.9	1.8	1.4	
10582  	катать	катать	v	6.8	11.7	7.4	9.2	5.9	7.7	5.5	
10583  	клубок	клубок	s	6.8	9.4	10.9	12.0	3.0	8.1	4.1	
10584  	кольцевой	кольцевой	a	6.8	3.2	2.7	6.4	0.0	4.0	8.7	
10585  	комфортный	комфортный	a	6.8	0.0	0.0	2.4	1.5	1.8	12.6	
10586  	криминал	криминал	s	6.8	0.3	2.4	8.0	0.0	1.5	11.1	
10587  	крупа	крупа	s	6.8	14.4	7.7	7.6	7.4	12.5	5.0	
10588  	кувшин	кувшин	s	6.8	14.4	10.1	11.1	4.5	4.4	4.2	
10589  	кукуруза	кукуруза	s	6.8	19.5	4.9	6.7	22.2	23.9	5.0	
10590  	курьер	курьер	s	6.8	7.4	4.1	11.0	0.0	5.5	6.5	
10591  	ложе	ложе	s	6.8	5.5	8.8	11.4	1.5	6.6	4.9	
10592  	манипуляция	манипуляция	s	6.8	3.7	2.0	4.8	5.9	3.3	8.2	
10593  	марксистский	марксистский	a	6.8	1.1	3.6	1.4	26.7	15.0	7.7	
10594  	межнациональный	межнациональный	a	6.8	0.0	0.0	0.7	0.0	3.7	14.8	
10595  	мираж	мираж	s	6.8	7.4	8.3	8.0	7.4	2.6	6.8	
10596  	мотаться	мотаться	v	6.8	12.9	8.4	13.0	7.4	1.1	4.5	
10597  	мыс	мыс	s	6.8	6.9	20.7	5.8	19.3	14.3	5.6	
10598  	наброситься	наброситься	v	6.8	11.2	13.8	12.2	16.3	10.3	3.7	
10599  	надзорный	надзорный	a	6.8	0.0	0.0	0.0	0.0	0.0	3.4	
10600  	неограниченный	неограниченный	a	6.8	5.0	4.2	2.8	7.4	7.3	7.9	
10601  	неустойчивый	неустойчивый	a	6.8	5.8	4.5	3.5	5.9	7.3	6.9	
10602  	ну-ну	ну-ну	intj	6.8	15.9	12.7	14.8	3.0	0.0	1.5	
10603  	обрезать	обрезать	v	6.8	10.5	8.8	8.0	1.5	5.1	6.3	
10604  	одарить	одарить	v	6.8	3.7	5.1	8.6	11.9	7.0	7.6	
10605  	осмотреться	осмотреться	v	6.8	11.3	13.9	15.3	1.5	3.7	2.7	
10606  	отбрасывать	отбрасывать	v	6.8	13.8	10.2	9.6	4.5	8.4	4.4	
10607  	периферия	периферия	s	6.8	3.4	2.0	3.0	4.5	6.2	8.7	
10608  	пластик	пластик	s	6.8	1.9	3.8	4.4	14.8	7.7	10.2	
10609  	поддерживаться	поддерживаться	v	6.8	1.4	0.6	1.8	11.9	4.8	7.9	
10610  	полимер	полимер	s	6.8	0.5	0.0	0.0	41.5	1.5	3.2	
10611  	полис	полис	s	6.8	0.0	0.0	2.7	3.0	0.0	11.0	
10612  	помещик	помещик	s	6.8	8.2	8.4	3.3	20.8	18.0	8.6	
10613  	поминки	поминки	s	6.8	3.0	12.3	14.7	1.5	1.8	4.9	
10614  	помыть	помыть	v	6.8	6.0	9.7	11.0	3.0	3.3	4.1	
10615  	поссориться	поссориться	v	6.8	13.8	10.6	9.7	4.5	5.5	5.3	
10616  	почесать	почесать	v	6.8	13.7	12.3	16.2	1.5	2.6	1.9	
10617  	приклад	приклад	s	6.8	13.5	9.3	9.4	3.0	7.0	4.7	
10618  	прихожанин	прихожанин	s	6.8	1.2	1.5	4.3	5.9	2.2	11.0	
10619  	прозаик	прозаик	s	6.8	0.5	5.8	4.5	16.3	13.2	11.6	
10620  	промах	промах	s	6.8	9.0	9.2	7.5	11.9	11.0	7.2	
10621  	процитировать	процитировать	v	6.8	1.8	5.2	4.6	7.4	5.9	10.4	
10622  	разворачивать	разворачивать	v	6.8	12.2	8.2	10.1	11.9	7.0	5.5	
10623  	размещать	размещать	v	6.8	1.1	0.0	1.1	4.5	2.2	11.2	
10624  	разогнать	разогнать	v	6.8	7.3	9.5	10.5	5.9	4.8	6.5	
10625  	раскладывать	раскладывать	v	6.8	11.3	8.6	11.5	4.5	7.0	4.8	
10626  	рассчитываться	рассчитываться	v	6.8	1.8	2.7	2.4	3.0	3.3	6.0	
10627  	растянуться	растянуться	v	6.8	9.4	9.8	10.5	5.9	9.5	5.7	
10628  	рентгеновский	рентгеновский	a	6.8	6.6	2.3	2.0	7.4	2.9	4.5	
10629  	рефлекс	рефлекс	s	6.8	5.0	5.4	5.8	10.4	8.4	5.6	
10630  	роддом	роддом	s	6.8	1.1	2.8	6.5	0.0	1.8	8.1	
10631  	розыгрыш	розыгрыш	s	6.8	2.8	4.2	5.4	11.9	16.9	10.7	
10632  	семинария	семинария	s	6.8	2.5	4.5	2.3	4.5	14.3	10.1	
10633  	сентиментальный	сентиментальный	a	6.8	5.3	6.4	7.9	16.3	15.4	8.1	
10634  	сигара	сигара	s	6.8	11.9	7.0	11.1	5.9	5.1	6.2	
10635  	сменять	сменять	v	6.8	11.0	5.1	7.3	11.9	8.8	6.5	
10636  	смести	смести	v	6.8	8.5	6.4	10.8	13.3	11.0	6.1	
10637  	температурный	температурный	a	6.8	2.1	1.0	1.0	4.5	0.7	3.6	
10638  	улика	улика	s	6.8	13.7	8.1	11.9	3.0	9.5	4.4	
10639  	хлестать	хлестать	v	6.8	19.1	13.6	12.4	10.4	4.8	3.0	
10640  	хлопок	хлопок	s	6.8	4.6	5.0	10.1	10.4	13.2	5.4	
10641  	ходьба	ходьба	s	6.8	9.0	8.4	8.7	5.9	8.4	6.1	
10642  	хозяйский	хозяйский	a	6.8	13.3	13.8	12.6	7.4	4.0	3.0	
10643  	целенаправленный	целенаправленный	a	6.8	0.7	0.8	1.5	5.9	3.3	6.9	
10644  	цемент	цемент	s	6.8	10.5	6.5	5.8	16.3	11.0	5.2	
10645  	цыпленок	цыпленок	s	6.8	6.2	9.2	9.2	16.3	11.4	4.0	
10646  	чернеть	чернеть	v	6.8	16.1	16.8	13.4	4.5	2.9	2.2	
10647  	четвереньки	четвереньки	s	6.8	14.5	13.3	14.8	14.8	6.2	2.1	
10648  	швед	швед	s	6.8	1.6	3.3	4.6	3.0	9.2	10.8	
10649  	шип	шип	s	6.8	6.7	6.1	5.4	4.5	3.3	3.2	
10650  	штрафной	штрафной	a	6.8	7.1	5.0	2.6	4.5	11.0	10.0	
10651  	эвакуировать	эвакуировать	v	6.8	11.3	8.2	2.9	4.5	18.3	9.1	
10652  	этнос	этнос	s	6.8	0.0	0.0	0.0	0.0	0.0	9.0	
10653  	а-а-а	а-а-а	intj	6.7	6.7	10.1	12.6	0.0	5.1	2.2	
10654  	адресат	адресат	s	6.7	2.5	3.2	3.9	1.5	9.2	8.2	
10655  	адъютант	адъютант	s	6.7	30.8	13.9	6.2	14.8	12.5	3.7	
10656  	ария	ария	s	6.7	2.7	5.2	4.8	16.3	12.1	11.3	
10657  	астраханский	астраханский	a	6.7	0.5	1.0	2.0	0.0	2.2	7.9	
10658  	браслет	браслет	s	6.7	12.6	10.5	10.6	7.4	4.4	4.6	
10659  	бронза	бронза	s	6.7	6.9	5.4	5.7	17.8	5.5	8.5	
10660  	бум	бум	s	6.7	1.2	1.4	3.6	1.5	18.3	11.0	
10661  	взирать	взирать	v	6.7	4.1	5.0	10.7	4.5	7.7	6.2	
10662  	влезать	влезать	v	6.7	10.1	9.2	9.7	11.9	12.8	5.5	
10663  	влечение	влечение	s	6.7	4.6	2.7	5.7	10.4	2.9	3.8	
10664  	восхождение	восхождение	s	6.7	6.9	4.1	4.1	3.0	8.4	7.1	
10665  	воткнуть	воткнуть	v	6.7	10.8	11.5	14.0	3.0	4.8	3.4	
10666  	впечатлять	впечатлять	v	6.7	1.1	3.8	4.1	1.5	9.2	11.4	
10667  	генерал-лейтенант	генерал-лейтенант	s	6.7	5.3	3.1	5.8	5.9	8.4	10.3	
10668  	герцог	герцог	s	6.7	4.8	8.1	9.1	1.5	4.8	6.0	
10669  	гестапо	гестапо	s	6.7	66.8	4.9	2.1	1.5	5.9	3.6	
10670  	греться	греться	v	6.7	16.8	11.8	11.4	10.4	7.3	3.4	
10671  	губка	губка	s	6.7	6.4	7.7	11.6	4.5	3.7	4.3	
10672  	декабрист	декабрист	s	6.7	3.2	7.0	4.1	13.3	33.4	8.2	
10673  	десантник	десантник	s	6.7	4.2	1.3	5.4	0.0	4.0	12.4	
10674  	душно	душно	adv	6.7	18.4	13.2	11.8	7.4	4.4	2.9	
10675  	забой	забой	s	6.7	8.5	2.6	1.8	3.0	14.3	6.2	
10676  	заглушить	заглушить	v	6.7	13.7	10.9	11.1	14.8	5.1	3.5	
10677  	закружиться	закружиться	v	6.7	12.8	15.5	12.5	5.9	3.7	3.2	
10678  	запчасти	запчасти	s	6.7	3.5	2.4	3.0	1.5	4.0	12.0	
10679  	католик	католик	s	6.7	1.2	1.0	3.9	4.5	5.9	8.5	
10680  	кинжал	кинжал	s	6.7	8.9	7.0	12.6	7.4	8.1	4.7	
10681  	клевать	клевать	v	6.7	9.4	16.6	11.7	5.9	4.0	3.9	
10682  	консервный	консервный	a	6.7	12.8	13.1	9.9	8.9	6.2	4.5	
10683  	коситься	коситься	v	6.7	18.1	11.0	14.2	4.5	4.4	2.5	
10684  	крыться	крыться	v	6.7	3.4	2.4	5.3	11.9	6.6	8.7	
10685  	лицензирование	лицензирование	s	6.7	0.0	0.0	0.0	0.0	0.0	11.9	
10686  	личинка	личинка	s	6.7	11.0	3.2	2.2	3.0	2.9	2.2	
10687  	лужайка	лужайка	s	6.7	8.0	9.8	9.0	5.9	15.0	5.8	
10688  	машинный	машинный	a	6.7	9.2	11.1	5.5	22.2	6.2	4.0	
10689  	метла	метла	s	6.7	7.4	11.8	13.3	5.9	8.4	4.0	
10690  	миллиметр	миллиметр	s	6.7	3.4	4.9	4.6	11.9	9.9	5.9	
10691  	монополист	монополист	s	6.7	1.2	0.0	0.0	0.0	0.7	15.8	
10692  	наивность	наивность	s	6.7	5.0	5.9	6.4	22.2	9.2	8.8	
10693  	наклоняться	наклоняться	v	6.7	21.3	11.2	11.5	8.9	2.6	3.1	
10694  	напоить	напоить	v	6.7	9.6	13.7	10.6	4.5	5.9	4.3	
10695  	наркотический	наркотический	a	6.7	1.4	0.8	4.1	3.0	0.0	8.5	
10696  	наставление	наставление	s	6.7	6.0	5.4	5.1	11.9	6.2	6.5	
10697  	настигнуть	настигнуть	v	6.7	10.1	10.9	11.8	4.5	5.1	4.6	
10698  	нелепо	нелепо	adv	6.7	10.1	13.6	11.3	7.4	5.9	4.6	
10699  	нескончаемый	нескончаемый	a	6.7	5.0	10.4	9.2	5.9	9.2	6.7	
10700  	несовершенство	несовершенство	s	6.7	4.6	4.3	3.5	1.5	5.5	8.5	
10701  	неудачно	неудачно	adv	6.7	6.4	6.9	8.0	5.9	5.1	7.7	
10702  	однообразный	однообразный	a	6.7	8.7	9.2	7.8	7.4	12.8	5.0	
10703  	опаска	опаска	s	6.7	10.5	12.2	12.5	13.3	6.6	4.1	
10704  	основополагающий	основополагающий	a	6.7	0.0	0.9	1.6	0.0	3.3	8.4	
10705  	отводиться	отводиться	v	6.7	1.6	1.0	2.2	7.4	7.7	8.8	
10706  	отдаться	отдаться	v	6.7	7.8	9.2	10.8	11.9	4.0	4.6	
10707  	пакетик	пакетик	s	6.7	5.5	6.7	12.8	3.0	2.9	4.4	
10708  	пародия	пародия	s	6.7	2.1	2.6	3.2	26.7	15.4	10.4	
10709  	перевязать	перевязать	v	6.7	18.4	12.7	10.9	7.4	5.9	3.3	
10710  	пересчитать	пересчитать	v	6.7	6.6	6.8	10.8	1.5	6.2	6.0	
10711  	перечитать	перечитать	v	6.7	8.2	8.7	7.5	8.9	9.9	6.6	
10712  	побуждение	побуждение	s	6.7	5.1	5.1	4.8	5.9	11.4	6.0	
10713  	подобраться	подобраться	v	6.7	13.1	11.4	11.4	3.0	6.2	4.7	
10714  	подрагивать	подрагивать	v	6.7	14.5	16.5	16.2	0.0	0.0	1.3	
10715  	помещать	помещать	v	6.7	2.1	2.0	2.9	5.9	8.4	7.6	
10716  	по-немецки	по-немецки	adv	6.7	9.9	12.3	8.5	5.9	14.7	5.8	
10717  	портвейн	портвейн	s	6.7	1.8	14.8	14.4	3.0	2.2	4.1	
10718  	практиковать	практиковать	v	6.7	2.3	1.1	3.3	3.0	3.3	9.4	
10719  	предпочтительный	предпочтительный	a	6.7	0.0	0.8	2.9	0.0	4.4	8.7	
10720  	презерватив	презерватив	s	6.7	0.0	1.0	9.3	0.0	0.0	5.8	
10721  	преувеличивать	преувеличивать	v	6.7	6.9	7.5	8.0	10.4	11.4	6.7	
10722  	призрачный	призрачный	a	6.7	10.3	8.1	10.5	11.9	9.2	5.3	
10723  	принято	принято	adv	6.7	2.3	3.3	4.9	8.9	11.7	9.9	
10724  	пристроиться	пристроиться	v	6.7	8.9	12.7	13.7	3.0	7.3	3.8	
10725  	продление	продление	s	6.7	2.1	1.1	1.8	3.0	3.7	8.0	
10726  	промышленник	промышленник	s	6.7	4.6	1.0	1.7	4.5	10.6	13.5	
10727  	профилактический	профилактический	a	6.7	0.7	1.0	1.8	0.0	1.8	7.2	
10728  	процедить	процедить	v	6.7	7.4	9.2	13.5	3.0	5.5	3.4	
10729  	пятидесятый	пятидесятый	anum	6.7	2.3	7.9	5.7	4.5	15.4	9.2	
10730  	раздвинуть	раздвинуть	v	6.7	13.3	11.1	14.2	1.5	4.4	2.5	
10731  	разливать	разливать	v	6.7	10.1	10.9	13.3	0.0	5.1	3.7	
10732  	разложение	разложение	s	6.7	3.9	3.5	3.4	5.9	5.5	5.2	
10733  	размножение	размножение	s	6.7	1.9	3.1	2.1	0.0	1.8	4.0	
10734  	разрывать	разрывать	v	6.7	8.5	9.8	9.7	7.4	7.3	4.6	
10735  	распадаться	распадаться	v	6.7	5.1	5.6	6.1	4.5	7.3	6.2	
10736  	резонанс	резонанс	s	6.7	0.5	2.3	3.4	3.0	4.0	9.5	
10737  	ров	ров	s	6.7	18.3	9.1	10.0	1.5	8.8	3.3	
10738  	родственница	родственница	s	6.7	3.9	9.2	11.1	14.8	9.2	5.2	
10739  	розочка	розочка	s	6.7	0.3	1.4	25.0	0.0	1.1	1.0	
10740  	руины	руины	s	6.7	3.0	5.2	8.7	5.9	8.4	7.8	
10741  	свинец	свинец	s	6.7	6.4	3.5	7.1	4.5	4.8	5.0	
10742  	симметрия	симметрия	s	6.7	2.8	1.4	3.5	4.5	1.1	2.1	
10743  	синоним	синоним	s	6.7	1.1	3.7	2.7	7.4	4.4	6.0	
10744  	сиреневый	сиреневый	a	6.7	7.3	12.9	11.8	17.8	5.5	3.8	
10745  	слать	слать	v	6.7	6.7	8.8	8.6	14.8	15.4	5.9	
10746  	сливки	сливки	s	6.7	5.7	5.2	7.8	14.8	8.4	7.1	
10747  	снаряжение	снаряжение	s	6.7	8.3	6.0	4.2	14.8	9.9	9.4	
10748  	согнуть	согнуть	v	6.7	13.5	8.9	10.6	3.0	5.1	3.5	
10749  	старческий	старческий	a	6.7	11.0	8.2	12.1	3.0	5.5	3.4	
10750  	стащить	стащить	v	6.7	19.7	11.8	14.1	3.0	6.2	1.9	
10751  	столбик	столбик	s	6.7	12.6	10.9	9.6	13.3	11.7	3.4	
10752  	сторонка	сторонка	s	6.7	16.8	14.3	11.6	13.3	7.3	3.1	
10753  	талон	талон	s	6.7	4.2	5.8	7.3	3.0	8.1	7.2	
10754  	тончайший	тончайший	a	6.7	12.4	7.7	6.4	14.8	11.7	6.3	
10755  	туберкулез	туберкулез	s	6.7	4.6	2.8	4.1	11.9	14.3	9.1	
10756  	угадываться	угадываться	v	6.7	8.3	9.2	12.7	5.9	6.2	4.9	
10757  	уныло	уныло	adv	6.7	15.9	13.8	13.5	4.5	4.8	2.8	
10758  	упадок	упадок	s	6.7	3.2	2.0	3.8	10.4	9.9	9.7	
10759  	фиг	фиг	s	6.7	2.1	4.1	14.8	1.5	0.0	2.1	
10760  	цыганский	цыганский	a	6.7	5.7	8.2	7.3	11.9	7.3	8.8	
10761  	электорат	электорат	s	6.7	0.0	0.0	0.6	0.0	0.0	15.9	
10762  	этюд	этюд	s	6.7	2.7	3.7	4.7	13.3	13.6	9.1	
10763  	адский	адский	a	6.6	6.0	7.8	10.2	7.4	6.6	5.8	
10764  	безуспешно	безуспешно	adv	6.6	4.8	6.4	7.5	3.0	5.9	8.6	
10765  	братия	братия	s	6.6	1.1	5.5	5.2	3.0	6.2	8.3	
10766  	вверху	вверху	adv	6.6	18.1	14.1	7.3	8.9	4.4	3.3	
10767  	веер	веер	s	6.6	11.2	9.8	11.1	5.9	5.1	4.6	
10768  	взмолиться	взмолиться	v	6.6	12.2	13.2	15.0	8.9	2.6	2.1	
10769  	вкладчик	вкладчик	s	6.6	0.0	0.0	2.9	0.0	2.6	11.3	
10770  	возмездие	возмездие	s	6.6	7.1	5.4	9.2	10.4	6.6	7.0	
10771  	восстать	восстать	v	6.6	2.8	6.4	7.7	14.8	8.4	6.6	
10772  	вхождение	вхождение	s	6.6	0.7	0.0	1.6	1.5	2.6	11.0	
10773  	генерация	генерация	s	6.6	0.0	0.0	0.6	0.0	1.8	3.9	
10774  	гладко	гладко	adv	6.6	13.8	9.8	8.9	11.9	9.9	5.0	
10775  	голосок	голосок	s	6.6	17.4	14.7	13.3	0.0	2.6	2.4	
10776  	грохнуть	грохнуть	v	6.6	8.0	11.4	17.7	1.5	2.9	1.9	
10777  	гуманный	гуманный	a	6.6	6.6	5.0	4.4	11.9	8.8	8.6	
10778  	денежки	денежки	s	6.6	8.9	3.7	15.8	0.0	2.2	4.4	
10779  	довольствоваться	довольствоваться	v	6.6	3.9	3.7	6.1	8.9	9.2	8.8	
10780  	додуматься	додуматься	v	6.6	8.3	13.4	10.8	4.5	5.1	4.4	
10781  	заведующая	заведующая	s	6.6	6.6	7.8	10.6	11.9	5.5	6.0	
10782  	завезти	завезти	v	6.6	4.8	8.2	7.0	7.4	13.2	7.9	
10783  	задремать	задремать	v	6.6	11.7	13.8	14.2	1.5	4.0	2.8	
10784  	зажить	зажить	v	6.6	11.0	10.5	10.9	4.5	4.4	4.6	
10785  	заманчивый	заманчивый	a	6.6	7.4	6.0	5.3	10.4	8.1	7.9	
10786  	заносить	заносить	v	6.6	11.2	11.6	8.4	5.9	7.7	5.5	
10787  	заседатель	заседатель	s	6.6	1.6	2.4	1.5	0.0	3.3	4.0	
10788  	заслуженный	заслуженный	a	6.6	5.3	6.8	4.5	14.8	5.5	9.6	
10789  	застенчивый	застенчивый	a	6.6	10.6	13.7	7.1	26.7	9.5	5.7	
10790  	зашептать	зашептать	v	6.6	22.1	13.8	14.2	3.0	1.1	1.5	
10791  	звонко	звонко	adv	6.6	19.7	15.0	12.6	4.5	1.8	2.4	
10792  	изогнутый	изогнутый	a	6.6	6.7	4.5	5.5	4.5	1.5	2.1	
10793  	изощренный	изощренный	a	6.6	4.4	2.9	7.3	11.9	9.2	8.5	
10794  	интерфейс	интерфейс	s	6.6	0.0	0.0	0.0	0.0	0.0	3.0	
10795  	испанец	испанец	s	6.6	3.0	3.3	3.2	5.9	3.7	11.8	
10796  	клетчатый	клетчатый	a	6.6	13.1	12.3	13.7	3.0	4.8	3.2	
10797  	клоп	клоп	s	6.6	6.0	13.2	8.8	28.2	13.2	5.3	
10798  	клюв	клюв	s	6.6	9.2	13.3	12.5	10.4	4.0	3.3	
10799  	колбасный	колбасный	a	6.6	1.6	1.4	2.8	1.5	0.0	4.1	
10800  	колдун	колдун	s	6.6	3.5	4.3	17.4	1.5	2.6	3.7	
10801  	корневой	корневой	a	6.6	0.0	1.1	3.4	7.4	1.1	5.5	
10802  	крепление	крепление	s	6.6	3.2	4.5	1.9	1.5	5.1	8.9	
10803  	кузнец	кузнец	s	6.6	15.8	5.6	10.5	4.5	3.7	4.2	
10804  	лоток	лоток	s	6.6	3.5	11.4	9.2	4.5	5.9	6.4	
10805  	мембрана	мембрана	s	6.6	1.8	2.0	1.9	0.0	0.0	1.8	
10806  	мерзнуть	мерзнуть	v	6.6	11.2	10.7	10.3	3.0	9.5	5.2	
10807  	многозначительно	многозначительно	adv	6.6	13.5	10.5	12.9	5.9	4.0	4.0	
10808  	монарх	монарх	s	6.6	0.7	2.7	4.4	13.3	10.6	9.9	
10809  	наравне	наравне	adv	6.6	6.7	3.8	4.3	8.9	13.2	8.1	
10810  	наращивание	наращивание	s	6.6	0.0	0.0	0.0	0.0	3.3	8.0	
10811  	насильственный	насильственный	a	6.6	3.7	3.7	4.5	4.5	7.3	8.7	
10812  	натворить	натворить	v	6.6	12.8	14.3	11.1	0.0	2.9	3.9	
10813  	начинание	начинание	s	6.6	1.1	1.7	2.9	14.8	7.3	11.7	
10814  	некоммерческий	некоммерческий	a	6.6	0.0	0.0	0.0	0.0	0.0	10.4	
10815  	неспособность	неспособность	s	6.6	2.3	3.1	3.7	3.0	8.8	8.9	
10816  	новелла	новелла	s	6.6	1.6	4.6	2.8	7.4	9.5	10.7	
10817  	нюхать	нюхать	v	6.6	10.3	13.1	12.8	5.9	2.2	3.5	
10818  	обдумать	обдумать	v	6.6	12.1	11.8	11.1	7.4	12.1	3.8	
10819  	обозрение	обозрение	s	6.6	2.7	2.9	3.7	5.9	5.9	9.2	
10820  	овощной	овощной	a	6.6	1.4	4.3	5.0	0.0	8.4	9.3	
10821  	одеколон	одеколон	s	6.6	15.1	10.9	13.0	3.0	4.0	3.1	
10822  	ожог	ожог	s	6.6	7.8	4.9	7.8	0.0	4.0	7.2	
10823  	оперативно	оперативно	adv	6.6	0.5	0.8	1.7	3.0	8.4	10.3	
10824  	оседать	оседать	v	6.6	10.8	11.6	8.9	3.0	10.6	5.0	
10825  	папочка	папочка	s	6.6	6.2	9.1	13.7	17.8	5.5	4.0	
10826  	парикмахерская	парикмахерская	s	6.6	8.2	15.9	7.2	8.9	8.8	5.6	
10827  	перекрывать	перекрывать	v	6.6	3.9	4.5	8.5	3.0	4.4	6.7	
10828  	плазма	плазма	s	6.6	1.1	1.4	1.6	0.0	8.8	3.4	
10829  	плескаться	плескаться	v	6.6	13.7	13.2	12.6	5.9	2.9	3.5	
10830  	побуждать	побуждать	v	6.6	1.9	2.6	3.0	5.9	6.2	7.1	
10831  	повязать	повязать	v	6.6	10.6	8.1	14.6	5.9	4.0	4.0	
10832  	подмигивать	подмигивать	v	6.6	15.4	13.4	13.5	8.9	5.1	2.3	
10833  	подражание	подражание	s	6.6	3.7	4.1	3.6	10.4	8.1	9.2	
10834  	подразумеваться	подразумеваться	v	6.6	1.4	3.7	4.7	1.5	2.6	7.5	
10835  	постигать	постигать	v	6.6	4.8	5.8	7.1	13.3	13.6	6.6	
10836  	постулат	постулат	s	6.6	0.5	0.5	3.3	0.0	1.8	7.9	
10837  	похищение	похищение	s	6.6	3.5	3.5	6.4	0.0	4.4	10.3	
10838  	починить	починить	v	6.6	13.3	11.9	9.7	8.9	4.8	4.6	
10839  	почтение	почтение	s	6.6	6.7	11.5	9.3	8.9	11.7	5.3	
10840  	прилагать	прилагать	v	6.6	3.0	3.1	2.3	13.3	10.3	6.6	
10841  	присяга	присяга	s	6.6	1.8	2.8	6.9	1.5	4.0	8.7	
10842  	пробуждение	пробуждение	s	6.6	6.2	5.5	9.3	8.9	7.3	6.2	
10843  	просто-напросто	просто-напросто	adv	6.6	5.7	10.0	7.6	8.9	4.4	7.3	
10844  	прохлада	прохлада	s	6.6	9.8	11.9	13.2	7.4	2.9	3.4	
10845  	пытать	пытать	v	6.6	8.0	11.0	10.7	1.5	6.6	5.4	
10846  	развиться	развиться	v	6.6	4.4	3.6	4.0	14.8	7.0	7.2	
10847  	разнести	разнести	v	6.6	5.7	10.0	10.8	4.5	5.5	4.9	
10848  	разорить	разорить	v	6.6	3.4	6.0	8.7	7.4	14.7	7.3	
10849  	реактор	реактор	s	6.6	1.9	2.6	2.0	3.0	3.7	8.1	
10850  	ремонтировать	ремонтировать	v	6.6	7.6	7.4	5.1	14.8	7.3	8.6	
10851  	римлянин	римлянин	s	6.6	3.9	4.0	5.1	1.5	7.0	6.2	
10852  	рукавица	рукавица	s	6.6	22.7	14.2	6.8	16.3	8.1	2.8	
10853  	рязанский	рязанский	a	6.6	3.4	4.2	4.5	4.5	8.8	9.2	
10854  	сауна	сауна	s	6.6	0.0	1.8	9.8	0.0	3.7	7.9	
10855  	светило	светило	s	6.6	13.7	8.1	9.0	4.5	4.4	5.7	
10856  	секта	секта	s	6.6	2.8	1.9	6.4	26.7	3.3	7.6	
10857  	сенат	сенат	s	6.6	3.0	0.9	2.5	5.9	7.7	8.7	
10858  	слепить	слепить	v	6.6	9.8	11.1	11.2	10.4	2.6	5.3	
10859  	слить	слить	v	6.6	6.4	4.6	5.7	11.9	5.9	6.7	
10860  	словесность	словесность	s	6.6	1.2	4.0	5.7	3.0	7.0	10.2	
10861  	слышь	слышь	adv	6.6	13.7	14.2	15.5	1.5	1.1	1.1	
10862  	смахивать	смахивать	v	6.6	8.2	11.8	10.8	3.0	6.6	5.2	
10863  	совмещать	совмещать	v	6.6	2.1	2.2	2.8	4.5	8.1	10.0	
10864  	созвездие	созвездие	s	6.6	9.0	8.9	8.2	14.8	2.9	5.0	
10865  	солдатик	солдатик	s	6.6	6.6	12.5	12.2	1.5	5.5	4.7	
10866  	старейший	старейший	a	6.6	3.2	3.3	1.8	26.7	7.0	11.9	
10867  	сыпать	сыпать	v	6.6	16.3	11.0	10.8	3.0	8.1	3.8	
10868  	трактовать	трактовать	v	6.6	0.3	0.0	2.0	4.5	7.0	8.9	
10869  	трамвайный	трамвайный	a	6.6	6.2	15.2	9.4	5.9	8.1	5.5	
10870  	трение	трение	s	6.6	1.6	3.2	3.1	5.9	6.2	6.9	
10871  	тусовка	тусовка	s	6.6	0.0	0.0	9.0	0.0	0.0	10.4	
10872  	удалять	удалять	v	6.6	1.6	1.3	1.6	4.5	4.0	6.9	
10873  	умерший	умерший	s	6.6	4.6	5.0	5.6	3.0	6.2	6.6	
10874  	умудряться	умудряться	v	6.6	2.7	5.8	8.2	4.5	9.5	7.8	
10875  	управляться	управляться	v	6.6	5.5	7.5	6.4	3.0	8.4	7.1	
10876  	упрекнуть	упрекнуть	v	6.6	15.1	7.5	7.6	11.9	9.5	6.5	
10877  	файл	файл	s	6.6	0.3	0.0	3.5	0.0	0.0	5.3	
10878  	форменный	форменный	a	6.6	9.2	11.0	9.7	5.9	8.4	4.6	
10879  	..уй	..уй	s	6.6	2.3	17.1	16.0	0.0	0.0	0.0	
10880  	читательский	читательский	a	6.6	1.6	2.2	2.2	29.6	13.2	11.0	
10881  	энтузиаст	энтузиаст	s	6.6	3.4	4.0	3.3	11.9	10.6	10.9	
10882  	ярый	ярый	a	6.6	1.8	2.6	15.5	5.9	3.7	5.1	
10883  	авось	авось	part	6.5	9.4	10.9	7.1	7.4	7.3	6.7	
10884  	балетный	балетный	a	6.5	2.3	2.0	3.7	29.6	8.4	12.1	
10885  	бездонный	бездонный	a	6.5	8.0	9.3	10.6	4.5	2.9	4.8	
10886  	бич	бич	s	6.5	31.9	8.4	6.2	7.4	7.3	4.2	
10887  	богословие	богословие	s	6.5	0.0	1.4	0.7	1.5	3.3	5.5	
10888  	брезент	брезент	s	6.5	23.4	16.1	8.7	7.4	6.6	3.1	
10889  	бюджетник	бюджетник	s	6.5	0.0	0.0	0.0	0.0	0.0	15.8	
10890  	вещественный	вещественный	a	6.5	3.2	4.9	3.3	8.9	4.4	3.0	
10891  	взвизгнуть	взвизгнуть	v	6.5	11.2	12.9	17.9	1.5	0.0	0.9	
10892  	винный	винный	a	6.5	5.0	8.3	9.2	4.5	4.4	7.0	
10893  	витязь	витязь	s	6.5	0.5	1.5	5.9	1.5	1.1	11.9	
10894  	волкодав	волкодав	s	6.5	2.5	2.3	24.5	0.0	0.0	0.8	
10895  	вскрытие	вскрытие	s	6.5	2.8	2.8	5.9	4.5	3.7	6.4	
10896  	втайне	втайне	adv	6.5	9.9	10.5	11.4	5.9	6.6	4.5	
10897  	выгонять	выгонять	v	6.5	7.1	12.4	8.5	4.5	7.0	6.0	
10898  	геополитический	геополитический	a	6.5	0.0	0.0	0.6	0.0	0.0	13.4	
10899  	господствовать	господствовать	v	6.5	2.3	2.9	2.2	4.5	11.7	7.5	
10900  	грабитель	грабитель	s	6.5	4.1	6.1	10.2	4.5	4.8	7.5	
10901  	гранитный	гранитный	a	6.5	7.8	13.6	9.2	14.8	4.4	4.9	
10902  	гриф	гриф	s	6.5	32.6	5.0	5.8	1.5	1.5	4.8	
10903  	губить	губить	v	6.5	8.7	8.1	7.4	5.9	11.0	6.2	
10904  	девятьсот	девятьсот	num	6.5	17.9	15.0	9.4	4.5	5.5	3.1	
10905  	детально	детально	adv	6.5	2.1	1.8	1.6	3.0	4.8	8.0	
10906  	донесение	донесение	s	6.5	19.7	10.5	6.8	5.9	9.9	4.6	
10907  	заботливо	заботливо	adv	6.5	8.5	8.3	11.7	13.3	8.1	4.6	
10908  	закивать	закивать	v	6.5	11.5	13.4	16.6	1.5	0.0	1.7	
10909  	записаться	записаться	v	6.5	5.0	9.3	7.0	10.4	4.4	7.3	
10910  	затаить	затаить	v	6.5	14.0	12.4	10.2	7.4	8.1	4.4	
10911  	злополучный	злополучный	a	6.5	5.5	8.6	8.3	3.0	7.3	7.9	
10912  	изолятор	изолятор	s	6.5	4.4	4.1	5.2	4.5	23.1	8.0	
10913  	импровизация	импровизация	s	6.5	0.9	4.5	3.4	8.9	13.9	11.6	
10914  	исполком	исполком	s	6.5	2.8	4.3	3.4	40.0	14.3	10.1	
10915  	кавказец	кавказец	s	6.5	0.7	2.3	13.7	0.0	4.4	6.9	
10916  	квитанция	квитанция	s	6.5	5.0	10.1	5.8	1.5	4.8	7.1	
10917  	кинофильм	кинофильм	s	6.5	6.9	6.3	3.3	19.3	10.3	9.6	
10918  	кластер	кластер	s	6.5	0.0	0.0	0.0	0.0	0.0	0.6	
10919  	комбинезон	комбинезон	s	6.5	17.9	7.9	9.4	1.5	5.1	5.4	
10920  	крепиться	крепиться	v	6.5	4.8	6.7	6.9	3.0	4.4	6.8	
10921  	крестить	крестить	v	6.5	1.1	4.1	6.8	5.9	3.7	6.8	
10922  	кровный	кровный	a	6.5	4.4	4.9	7.2	8.9	12.5	8.1	
10923  	лизинговый	лизинговый	a	6.5	0.0	0.0	0.0	0.0	0.0	10.2	
10924  	лось	лось	s	6.5	11.2	12.4	10.1	5.9	10.3	3.9	
10925  	мавзолей	мавзолей	s	6.5	3.7	6.1	7.6	8.9	7.7	8.5	
10926  	мах	мах	s	6.5	7.6	11.9	10.4	3.0	2.9	4.7	
10927  	мачта	мачта	s	6.5	19.9	16.4	5.4	19.3	5.9	3.9	
10928  	межрегиональный	межрегиональный	a	6.5	0.0	0.0	0.0	0.0	0.0	10.1	
10929  	наговорить	наговорить	v	6.5	14.2	12.2	9.3	3.0	6.2	4.5	
10930  	накрывать	накрывать	v	6.5	8.3	8.4	10.4	4.5	4.0	5.6	
10931  	намеренно	намеренно	adv	6.5	3.9	4.9	9.2	3.0	3.7	7.3	
10932  	необратимый	необратимый	a	6.5	1.6	4.3	3.5	1.5	6.2	7.2	
10933  	неприемлемый	неприемлемый	a	6.5	1.6	1.7	2.2	5.9	7.0	10.2	
10934  	несуществующий	несуществующий	a	6.5	5.3	6.4	9.7	5.9	9.9	5.9	
10935  	обжалование	обжалование	s	6.5	0.5	1.3	1.0	1.5	1.8	2.5	
10936  	обнародовать	обнародовать	v	6.5	1.1	1.3	2.4	4.5	4.8	13.2	
10937  	образцовый	образцовый	a	6.5	5.7	7.7	4.3	23.7	13.2	7.8	
10938  	обставить	обставить	v	6.5	8.3	6.7	9.6	11.9	17.2	6.0	
10939  	оглушить	оглушить	v	6.5	16.1	16.9	11.6	4.5	5.1	2.5	
10940  	оппозиционный	оппозиционный	a	6.5	1.8	0.8	1.0	1.5	6.2	13.1	
10941  	острие	острие	s	6.5	9.8	9.3	11.6	5.9	2.6	3.6	
10942  	отречься	отречься	v	6.5	6.9	7.5	6.2	11.9	11.7	5.4	
10943  	очищение	очищение	s	6.5	3.2	3.1	3.8	4.5	5.5	7.7	
10944  	палить	палить	v	6.5	10.3	14.7	9.9	8.9	5.1	4.5	
10945  	панорама	панорама	s	6.5	11.0	3.6	4.3	1.5	11.4	7.6	
10946  	парнишка	парнишка	s	6.5	12.1	15.1	12.6	7.4	5.9	2.7	
10947  	перебрать	перебрать	v	6.5	6.4	8.6	10.1	0.0	7.7	5.5	
10948  	передышка	передышка	s	6.5	11.7	10.1	8.1	5.9	11.7	5.8	
10949  	пластина	пластина	s	6.5	3.4	2.6	5.1	1.5	2.6	5.3	
10950  	пленник	пленник	s	6.5	5.3	7.2	11.0	7.4	6.6	5.3	
10951  	повсеместно	повсеместно	adv	6.5	2.1	2.0	3.1	5.9	8.1	8.8	
10952  	подтвердиться	подтвердиться	v	6.5	3.4	7.2	5.8	8.9	8.4	7.8	
10953  	политолог	политолог	s	6.5	0.0	0.0	1.7	0.0	0.0	14.4	
10954  	поприще	поприще	s	6.5	1.2	3.6	5.0	13.3	13.2	9.0	
10955  	порох	порох	s	6.5	9.4	12.2	9.3	4.5	7.0	5.2	
10956  	посередине	посередине	adv	6.5	6.4	5.8	10.5	1.5	5.1	5.0	
10957  	потрепать	потрепать	v	6.5	11.0	14.4	13.2	4.5	2.9	3.1	
10958  	похвастаться	похвастаться	v	6.5	7.8	5.9	8.6	3.0	5.1	7.4	
10959  	предаваться	предаваться	v	6.5	7.4	6.1	9.1	7.4	8.4	5.9	
10960  	пренебрегать	пренебрегать	v	6.5	9.0	6.4	6.0	3.0	7.3	6.8	
10961  	присаживаться	присаживаться	v	6.5	19.0	9.1	14.8	5.9	4.8	1.6	
10962  	приятельница	приятельница	s	6.5	3.9	6.7	9.0	14.8	10.6	6.9	
10963  	пробивать	пробивать	v	6.5	9.9	6.9	6.2	7.4	8.8	7.6	
10964  	пролежать	пролежать	v	6.5	14.5	8.8	8.8	13.3	11.4	5.1	
10965  	прочтение	прочтение	s	6.5	1.1	1.7	3.5	3.0	9.2	9.6	
10966  	прядь	прядь	s	6.5	11.7	9.3	14.4	4.5	2.9	3.1	
10967  	пьедестал	пьедестал	s	6.5	2.7	5.0	4.5	10.4	12.1	10.6	
10968  	равняться	равняться	v	6.5	5.3	4.6	3.0	14.8	8.1	8.3	
10969  	разбивать	разбивать	v	6.5	8.0	6.4	6.9	5.9	8.4	6.2	
10970  	разъехаться	разъехаться	v	6.5	7.3	9.2	11.2	5.9	7.0	5.2	
10971  	расписка	расписка	s	6.5	5.8	9.1	7.6	1.5	7.3	5.8	
10972  	свинцовый	свинцовый	a	6.5	13.3	9.3	10.3	4.5	4.4	3.7	
10973  	скрутить	скрутить	v	6.5	12.2	11.5	13.0	1.5	3.3	2.8	
10974  	слезть	слезть	v	6.5	18.3	16.6	10.9	1.5	4.8	2.5	
10975  	смирно	смирно	adv	6.5	17.6	9.8	10.7	4.5	2.6	2.7	
10976  	советоваться	советоваться	v	6.5	12.6	7.4	6.0	4.5	10.6	7.2	
10977  	сороковой	сороковой	anum	6.5	6.0	10.7	6.4	17.8	10.3	7.8	
10978  	соседский	соседский	a	6.5	7.1	8.8	12.2	1.5	3.3	5.2	
10979  	сочувственно	сочувственно	adv	6.5	16.3	10.2	11.3	8.9	4.8	3.8	
10980  	стеллаж	стеллаж	s	6.5	6.4	7.3	11.7	4.5	5.1	4.6	
10981  	сук	сук	s	6.5	16.1	12.8	9.2	1.5	5.1	2.7	
10982  	тамбур	тамбур	s	6.5	9.9	11.2	14.2	3.0	5.9	3.2	
10983  	танцевальный	танцевальный	a	6.5	5.8	3.1	2.9	7.4	7.0	11.5	
10984  	тахта	тахта	s	6.5	14.4	21.6	9.5	5.9	1.8	3.4	
10985  	тоскливый	тоскливый	a	6.5	14.7	15.1	11.3	7.4	4.0	3.5	
10986  	трапеза	трапеза	s	6.5	1.4	5.2	7.7	4.5	5.9	6.7	
10987  	требовательный	требовательный	a	6.5	6.2	6.3	6.2	22.2	8.8	7.7	
10988  	угнать	угнать	v	6.5	11.3	7.5	7.2	1.5	5.5	7.7	
10989  	удовлетворенно	удовлетворенно	adv	6.5	12.6	11.8	15.9	3.0	3.7	1.9	
10990  	указатель	указатель	s	6.5	11.7	3.3	4.6	1.5	6.6	7.2	
10991  	умыться	умыться	v	6.5	15.9	12.5	12.5	1.5	4.4	2.5	
10992  	упорядочить	упорядочить	v	6.5	1.2	1.0	2.2	1.5	4.0	4.3	
10993  	усиленно	усиленно	adv	6.5	5.3	7.3	4.8	13.3	11.7	8.4	
10994  	фарфоровый	фарфоровый	a	6.5	8.7	8.1	11.0	5.9	7.3	4.8	
10995  	флакон	флакон	s	6.5	6.7	6.9	7.2	8.9	1.5	6.6	
10996  	хвастаться	хвастаться	v	6.5	13.8	11.9	9.6	5.9	7.3	4.0	
10997  	целесообразно	целесообразно	adv	6.5	0.9	1.0	0.0	4.5	4.4	5.5	
10998  	черпать	черпать	v	6.5	7.8	4.2	5.8	7.4	14.7	6.6	
10999  	шакал	шакал	s	6.5	6.0	3.3	5.5	0.0	2.6	2.2	
11000  	экологически	экологически	adv	6.5	0.0	0.0	1.7	0.0	1.1	8.8	
