11001  	эксклюзивный	эксклюзивный	a	6.5	0.0	0.0	3.0	0.0	0.0	12.1	
11002  	ярус	ярус	s	6.5	2.8	4.1	3.8	4.5	5.1	4.0	
11003  	астрономия	астрономия	s	6.4	1.8	2.4	2.3	5.9	9.2	4.6	
11004  	безошибочно	безошибочно	adv	6.4	7.1	7.0	8.6	11.9	9.9	6.1	
11005  	бишь	бишь	part	6.4	1.1	2.9	12.8	4.5	2.6	5.9	
11006  	бойкий	бойкий	a	6.4	9.8	9.5	9.1	7.4	8.4	5.9	
11007  	бомбить	бомбить	v	6.4	15.6	7.5	4.7	5.9	12.8	7.6	
11008  	воедино	воедино	adv	6.4	3.4	5.1	5.4	1.5	8.1	7.2	
11009  	волгоградский	волгоградский	a	6.4	0.0	0.0	1.0	1.5	7.7	9.3	
11010  	всенародный	всенародный	a	6.4	1.6	3.5	2.9	22.2	9.2	11.0	
11011  	выбегать	выбегать	v	6.4	17.4	12.2	9.7	8.9	12.1	3.5	
11012  	гибкость	гибкость	s	6.4	3.9	2.4	2.0	3.0	7.7	7.0	
11013  	горох	горох	s	6.4	7.4	11.6	7.2	1.5	11.0	3.8	
11014  	грешник	грешник	s	6.4	3.2	3.8	6.4	10.4	2.9	2.9	
11015  	дворцовый	дворцовый	a	6.4	4.1	6.3	6.9	22.2	7.3	6.8	
11016  	двухкомнатный	двухкомнатный	a	6.4	1.9	6.8	11.5	0.0	4.0	6.5	
11017  	десант	десант	s	6.4	8.9	6.1	3.5	4.5	19.4	9.1	
11018  	диктатор	диктатор	s	6.4	3.4	3.2	3.3	5.9	12.1	11.2	
11019  	династия	династия	s	6.4	0.5	2.9	3.8	13.3	7.3	8.8	
11020  	дистанционный	дистанционный	a	6.4	1.1	0.5	2.3	0.0	0.7	6.2	
11021  	добросовестно	добросовестно	adv	6.4	8.0	5.5	5.6	14.8	12.8	7.3	
11022  	драматургия	драматургия	s	6.4	0.0	1.4	1.5	25.2	11.0	13.2	
11023  	духовно	духовно	adv	6.4	2.5	2.4	2.8	10.4	9.9	8.6	
11024  	забираться	забираться	v	6.4	13.5	9.5	10.0	19.3	9.5	4.4	
11025  	завал	завал	s	6.4	6.7	6.7	6.1	4.5	8.8	8.2	
11026  	загреметь	загреметь	v	6.4	18.1	16.4	11.2	4.5	4.4	2.4	
11027  	заказной	заказной	a	6.4	0.3	2.2	6.8	1.5	3.3	9.5	
11028  	закупать	закупать	v	6.4	1.4	1.9	3.0	1.5	4.0	12.1	
11029  	изогнуть	изогнуть	v	6.4	6.9	4.1	4.2	0.0	1.5	1.3	
11030  	карлик	карлик	s	6.4	11.7	4.3	12.8	1.5	2.2	3.7	
11031  	квалификационный	квалификационный	a	6.4	0.0	0.0	0.0	0.0	2.9	6.6	
11032  	кишечник	кишечник	s	6.4	1.2	1.0	3.8	3.0	1.1	6.9	
11033  	кнопочка	кнопочка	s	6.4	69.7	2.0	3.5	3.0	0.0	2.0	
11034  	корыто	корыто	s	6.4	11.0	12.2	10.7	5.9	3.7	4.5	
11035  	ласточка	ласточка	s	6.4	8.2	10.5	7.6	7.4	4.8	6.0	
11036  	лимит	лимит	s	6.4	1.9	1.8	2.1	5.9	1.5	9.8	
11037  	любящий	любящий	a	6.4	6.2	5.1	6.9	4.5	3.7	6.3	
11038  	маньяк	маньяк	s	6.4	2.7	2.2	14.3	1.5	0.0	5.5	
11039  	материться	материться	v	6.4	8.7	10.5	13.7	0.0	4.8	3.3	
11040  	маяться	маяться	v	6.4	7.8	12.9	12.5	3.0	1.8	3.8	
11041  	медвежий	медвежий	a	6.4	8.9	7.3	8.2	11.9	11.7	5.4	
11042  	мерещиться	мерещиться	v	6.4	9.4	13.3	11.9	7.4	13.6	2.9	
11043  	напоминание	напоминание	s	6.4	4.1	6.4	7.0	3.0	8.1	6.7	
11044  	напрягать	напрягать	v	6.4	9.0	7.8	8.9	7.4	3.7	4.2	
11045  	насильно	насильно	adv	6.4	7.6	10.4	7.5	3.0	4.8	6.3	
11046  	настрой	настрой	s	6.4	0.7	2.7	3.5	0.0	4.8	9.6	
11047  	невесть	невесть	part	6.4	6.7	12.2	13.8	4.5	5.1	3.5	
11048  	недоставать	недоставать	v	6.4	7.6	9.2	5.9	5.9	9.5	7.3	
11049  	неистовый	неистовый	a	6.4	9.0	13.1	7.0	1.5	7.0	6.5	
11050  	немногие	немногие	spro	6.4	2.5	4.3	4.4	13.3	8.1	8.7	
11051  	немногочисленный	немногочисленный	a	6.4	2.5	3.5	6.3	4.5	8.1	7.7	
11052  	непримиримый	непримиримый	a	6.4	3.7	3.3	3.7	5.9	4.0	10.9	
11053  	нетерпеливый	нетерпеливый	a	6.4	13.7	12.9	10.9	4.5	6.2	3.5	
11054  	нововведение	нововведение	s	6.4	0.5	0.6	1.0	1.5	3.3	11.0	
11055  	обгонять	обгонять	v	6.4	12.6	10.5	7.7	5.9	5.9	5.8	
11056  	огорчить	огорчить	v	6.4	8.9	9.6	6.8	7.4	11.0	6.1	
11057  	озабоченно	озабоченно	adv	6.4	26.1	14.3	12.5	0.0	3.7	1.2	
11058  	озвучить	озвучить	v	6.4	0.0	0.8	3.2	3.0	1.8	13.1	
11059  	окисление	окисление	s	6.4	0.0	0.0	0.0	0.0	1.5	1.3	
11060  	окрепнуть	окрепнуть	v	6.4	8.7	9.2	7.3	7.4	9.9	5.8	
11061  	округа	округа	s	6.4	4.1	5.9	11.6	5.9	2.9	6.5	
11062  	отвага	отвага	s	6.4	7.1	12.5	8.7	11.9	9.5	5.5	
11063  	парикмахер	парикмахер	s	6.4	8.0	13.3	5.8	13.3	8.4	5.7	
11064  	пастырь	пастырь	s	6.4	1.6	1.1	3.7	4.5	2.9	6.9	
11065  	патологический	патологический	a	6.4	1.1	2.2	4.0	8.9	2.6	5.0	
11066  	перебросить	перебросить	v	6.4	12.1	10.1	6.9	3.0	12.1	6.2	
11067  	перегрузка	перегрузка	s	6.4	3.4	4.2	2.4	3.0	7.0	8.0	
11068  	переносной	переносной	a	6.4	3.0	2.4	4.2	4.5	4.8	8.0	
11069  	подбираться	подбираться	v	6.4	7.6	7.5	7.0	5.9	8.4	6.6	
11070  	подключение	подключение	s	6.4	0.5	0.0	0.9	0.0	0.0	7.8	
11071  	попутчик	попутчик	s	6.4	7.6	6.5	8.2	37.1	11.4	6.1	
11072  	предавать	предавать	v	6.4	4.4	6.9	7.8	3.0	6.2	6.8	
11073  	предрассудок	предрассудок	s	6.4	8.0	6.4	5.8	13.3	11.0	6.5	
11074  	преждевременный	преждевременный	a	6.4	4.6	4.5	4.5	5.9	5.5	7.8	
11075  	прецедент	прецедент	s	6.4	1.2	1.3	2.2	1.5	4.8	10.1	
11076  	привстать	привстать	v	6.4	17.2	18.7	13.7	3.0	2.2	0.9	
11077  	прикладывать	прикладывать	v	6.4	8.2	7.5	8.7	1.5	3.3	4.8	
11078  	припоминать	припоминать	v	6.4	12.8	11.1	11.0	4.5	8.8	3.6	
11079  	прожиточный	прожиточный	a	6.4	0.0	0.0	0.8	0.0	1.8	12.1	
11080  	промыть	промыть	v	6.4	4.8	4.2	6.2	5.9	6.6	6.8	
11081  	прорвать	прорвать	v	6.4	11.5	7.5	9.0	4.5	10.3	5.6	
11082  	прорываться	прорываться	v	6.4	10.5	6.4	7.5	1.5	9.9	6.5	
11083  	протирать	протирать	v	6.4	11.9	9.5	10.6	4.5	4.0	3.7	
11084  	проходной	проходной	a	6.4	5.5	7.2	8.2	5.9	5.1	6.9	
11085  	пуститься	пуститься	v	6.4	9.8	11.2	10.2	4.5	7.7	5.0	
11086  	пята	пята	s	6.4	7.3	8.8	10.8	13.3	7.3	4.8	
11087  	расспрос	расспрос	s	6.4	11.3	8.9	13.1	14.8	8.4	3.4	
11088  	раунд	раунд	s	6.4	1.1	2.4	1.2	0.0	2.2	8.3	
11089  	реакционный	реакционный	a	6.4	1.9	3.3	1.3	16.3	8.1	4.2	
11090  	рейх	рейх	s	6.4	42.5	2.9	4.1	1.5	6.6	5.9	
11091  	рекомбинантный	рекомбинантный	a	6.4	0.0	0.0	0.0	0.0	0.0	0.0	
11092  	ромашка	ромашка	s	6.4	8.9	7.9	7.8	1.5	5.1	5.2	
11093  	сапожок	сапожок	s	6.4	15.6	13.2	13.8	1.5	2.2	2.1	
11094  	сговор	сговор	s	6.4	3.5	3.3	6.9	5.9	4.0	7.8	
11095  	сдержаться	сдержаться	v	6.4	11.9	13.2	12.9	4.5	5.1	2.7	
11096  	символизировать	символизировать	v	6.4	1.2	1.9	2.9	1.5	5.5	9.4	
11097  	скобка	скобка	s	6.4	5.1	6.4	5.5	3.0	4.8	7.0	
11098  	смазка	смазка	s	6.4	5.3	2.6	2.3	5.9	3.3	3.6	
11099  	соприкосновение	соприкосновение	s	6.4	3.9	4.1	4.2	13.3	11.0	6.3	
11100  	строевой	строевой	a	6.4	10.1	8.8	6.1	3.0	5.9	5.1	
11101  	сушить	сушить	v	6.4	12.2	6.9	6.8	8.9	6.2	5.1	
11102  	теннисный	теннисный	a	6.4	5.3	2.4	4.1	10.4	5.1	10.6	
11103  	топтать	топтать	v	6.4	12.4	13.6	10.6	3.0	6.6	3.7	
11104  	транзитный	транзитный	a	6.4	1.9	1.0	0.7	1.5	3.3	6.5	
11105  	трехмерный	трехмерный	a	6.4	0.3	0.0	1.8	1.5	2.9	3.1	
11106  	туша	туша	s	6.4	7.4	10.4	11.6	1.5	3.3	2.6	
11107  	тщеславие	тщеславие	s	6.4	5.1	8.1	6.2	5.9	9.5	6.7	
11108  	федеративный	федеративный	a	6.4	0.0	0.9	0.0	3.0	1.5	10.9	
11109  	фельдшер	фельдшер	s	6.4	20.4	7.4	6.6	5.9	28.2	3.9	
11110  	формулировать	формулировать	v	6.4	1.2	2.4	2.7	1.5	5.9	6.8	
11111  	хвоя	хвоя	s	6.4	16.1	9.6	5.7	5.9	5.9	3.0	
11112  	шрифт	шрифт	s	6.4	8.3	8.4	5.6	11.9	4.4	6.3	
11113  	штурман	штурман	s	6.4	14.4	18.8	5.0	78.6	8.4	4.3	
11114  	авто	авто	s	6.3	0.7	1.3	5.6	7.4	0.7	10.6	
11115  	активист	активист	s	6.3	2.3	3.5	2.5	11.9	8.8	12.0	
11116  	анонимный	анонимный	a	6.3	1.9	2.6	4.0	10.4	6.2	9.1	
11117  	артистический	артистический	a	6.3	3.5	2.8	3.8	26.7	13.2	10.6	
11118  	бармен	бармен	s	6.3	0.0	1.9	19.7	3.0	1.5	2.7	
11119  	беглец	беглец	s	6.3	7.1	12.8	7.3	4.5	5.9	6.6	
11120  	васильевский	васильевский	a	6.3	1.6	2.2	5.8	7.4	1.8	5.9	
11121  	ввоз	ввоз	s	6.3	0.0	0.0	0.8	1.5	2.2	11.7	
11122  	великан	великан	s	6.3	10.1	12.8	8.3	13.3	7.0	3.9	
11123  	взрывчатка	взрывчатка	s	6.3	8.2	5.1	7.0	1.5	2.6	8.0	
11124  	влюбляться	влюбляться	v	6.3	6.0	5.6	7.5	11.9	8.4	6.8	
11125  	военнопленный	военнопленный	s	6.3	29.4	5.6	2.1	4.5	11.4	7.6	
11126  	впиться	впиться	v	6.3	10.1	10.2	15.7	5.9	3.3	2.1	
11127  	временный	временный	a	6.3	6.9	6.0	4.2	1.5	6.6	6.5	
11128  	врываться	врываться	v	6.3	10.8	10.0	8.9	8.9	9.9	5.0	
11129  	выдаться	выдаться	v	6.3	6.7	12.5	9.8	4.5	3.3	5.7	
11130  	вынуждать	вынуждать	v	6.3	4.1	3.8	4.8	1.5	7.3	7.9	
11131  	выпалить	выпалить	v	6.3	10.1	9.8	15.0	1.5	4.4	2.5	
11132  	выпрыгнуть	выпрыгнуть	v	6.3	12.4	11.5	13.3	3.0	7.3	2.7	
11133  	вычеркнуть	вычеркнуть	v	6.3	5.7	6.1	7.5	4.5	7.0	7.7	
11134  	гадкий	гадкий	a	6.3	6.0	8.7	12.4	4.5	6.2	4.2	
11135  	гневный	гневный	a	6.3	8.7	6.9	8.0	7.4	8.4	6.7	
11136  	гоголевский	гоголевский	a	6.3	1.9	3.3	3.9	17.8	11.0	8.0	
11137  	голливудский	голливудский	a	6.3	1.2	0.9	4.0	0.0	1.5	12.7	
11138  	даться	даться	v	6.3	6.2	10.7	9.7	4.5	5.9	5.5	
11139  	дворовый	дворовый	a	6.3	2.3	8.7	10.5	0.0	2.6	6.2	
11140  	дизельный	дизельный	a	6.3	1.4	4.1	1.5	3.0	10.6	9.2	
11141  	долой	долой	adv	6.3	6.6	8.9	7.4	20.8	8.8	6.5	
11142  	достаток	достаток	s	6.3	2.1	5.0	5.7	7.4	11.0	8.5	
11143  	дремучий	дремучий	a	6.3	26.6	10.1	6.9	7.4	7.3	4.2	
11144  	дымить	дымить	v	6.3	16.3	15.9	9.7	7.4	4.0	3.4	
11145  	дымка	дымка	s	6.3	13.7	11.0	9.7	13.3	9.2	3.9	
11146  	живописец	живописец	s	6.3	3.5	3.5	5.1	71.2	10.6	7.0	
11147  	загрузить	загрузить	v	6.3	1.9	3.6	5.8	7.4	8.1	8.7	
11148  	заезд	заезд	s	6.3	1.6	21.4	3.7	0.0	3.3	7.6	
11149  	зажечься	зажечься	v	6.3	14.0	11.4	11.3	10.4	4.4	3.5	
11150  	залежь	залежь	s	6.3	1.4	1.3	1.6	14.8	3.7	2.2	
11151  	заочный	заочный	a	6.3	2.5	3.8	3.1	4.5	7.0	7.1	
11152  	запирать	запирать	v	6.3	9.9	9.8	11.1	3.0	7.7	4.1	
11153  	запоминаться	запоминаться	v	6.3	4.4	3.3	4.8	10.4	10.3	8.0	
11154  	запросить	запросить	v	6.3	7.3	7.7	5.5	5.9	5.1	7.7	
11155  	зеленоватый	зеленоватый	a	6.3	15.8	8.3	11.8	10.4	7.0	2.9	
11156  	зиять	зиять	v	6.3	7.8	10.4	10.2	5.9	4.0	5.5	
11157  	извиваться	извиваться	v	6.3	16.7	10.4	12.3	8.9	5.1	2.3	
11158  	издаваться	издаваться	v	6.3	0.9	2.6	3.2	13.3	11.0	9.2	
11159  	инстинктивно	инстинктивно	adv	6.3	12.1	6.1	11.4	10.4	14.3	3.8	
11160  	интернациональный	интернациональный	a	6.3	2.8	2.7	4.5	10.4	9.9	9.9	
11161  	исказить	исказить	v	6.3	7.6	8.1	8.9	4.5	8.8	4.8	
11162  	камушек	камушек	s	6.3	10.8	9.7	12.4	5.9	3.3	3.1	
11163  	катастрофический	катастрофический	a	6.3	3.4	1.4	2.2	4.5	9.5	9.7	
11164  	клевета	клевета	s	6.3	6.2	5.2	4.1	20.8	17.6	8.1	
11165  	колечко	колечко	s	6.3	12.1	8.3	12.2	3.0	2.2	3.1	
11166  	колода	колода	s	6.3	9.0	7.9	12.1	4.5	2.9	3.9	
11167  	компонента	компонента	s	6.3	0.0	0.0	0.0	1.5	0.0	2.4	
11168  	корешок	корешок	s	6.3	7.6	6.5	11.5	4.5	5.5	3.2	
11169  	кризисный	кризисный	a	6.3	0.0	0.0	1.0	0.0	1.8	10.5	
11170  	лингвистический	лингвистический	a	6.3	0.0	0.6	2.2	0.0	1.5	3.5	
11171  	мак	мак	s	6.3	6.0	14.2	5.8	7.4	7.0	5.7	
11172  	макароны	макароны	s	6.3	4.1	9.6	9.2	3.0	5.1	5.4	
11173  	менталитет	менталитет	s	6.3	0.0	0.0	2.2	0.0	0.0	12.4	
11174  	миниатюра	миниатюра	s	6.3	2.5	1.1	2.2	11.9	18.0	10.7	
11175  	мистика	мистика	s	6.3	3.9	5.8	6.8	19.3	7.0	6.5	
11176  	мобилизация	мобилизация	s	6.3	4.4	2.4	3.0	17.8	10.6	8.3	
11177  	могущество	могущество	s	6.3	10.6	5.1	5.6	19.3	5.5	6.8	
11178  	мольба	мольба	s	6.3	10.8	11.2	8.6	5.9	4.8	3.8	
11179  	нашествие	нашествие	s	6.3	2.5	7.4	5.2	4.5	13.9	7.4	
11180  	невольный	невольный	a	6.3	6.4	7.5	9.1	11.9	8.4	6.2	
11181  	незаконно	незаконно	adv	6.3	3.0	2.8	2.3	4.5	7.3	10.0	
11182  	незамеченный	незамеченный	a	6.3	5.3	6.3	7.9	10.4	5.9	6.9	
11183  	неисправность	неисправность	s	6.3	1.8	1.7	2.0	1.5	1.5	6.0	
11184  	неприятие	неприятие	s	6.3	0.7	2.2	3.1	5.9	8.8	10.0	
11185  	неторопливый	неторопливый	a	6.3	12.2	12.3	8.7	5.9	10.6	4.6	
11186  	нянька	нянька	s	6.3	9.8	8.4	10.6	19.3	4.4	4.6	
11187  	обильно	обильно	adv	6.3	6.6	4.5	7.6	17.8	6.2	5.7	
11188  	объявляться	объявляться	v	6.3	4.4	4.1	5.4	5.9	9.2	6.9	
11189  	овчарка	овчарка	s	6.3	12.2	7.7	9.6	1.5	5.9	4.7	
11190  	оздоровление	оздоровление	s	6.3	0.5	0.6	0.6	1.5	5.1	10.9	
11191  	опьянение	опьянение	s	6.3	6.4	2.7	6.7	1.5	6.6	7.3	
11192  	отбивать	отбивать	v	6.3	9.2	10.4	8.1	7.4	9.5	5.8	
11193  	отделиться	отделиться	v	6.3	9.6	9.5	9.4	5.9	4.0	4.6	
11194  	отовсюду	отовсюду	advpro	6.3	13.3	9.6	8.6	7.4	7.3	5.3	
11195  	отравление	отравление	s	6.3	5.8	2.3	6.7	7.4	4.0	6.9	
11196  	паста	паста	s	6.3	1.8	3.1	7.0	1.5	3.7	7.0	
11197  	передовая	передовая	s	6.3	25.5	17.6	4.4	4.5	12.5	4.3	
11198  	пересесть	пересесть	v	6.3	11.2	6.8	10.4	7.4	4.0	5.6	
11199  	пилить	пилить	v	6.3	10.3	8.6	9.0	3.0	8.8	5.3	
11200  	плести	плести	v	6.3	12.4	9.1	10.3	3.0	5.1	4.4	
11201  	побрать	побрать	v	6.3	11.9	11.8	14.0	3.0	2.9	2.4	
11202  	повыситься	повыситься	v	6.3	1.4	2.2	1.6	8.9	4.0	8.7	
11203  	подгонять	подгонять	v	6.3	10.6	12.3	9.0	5.9	11.0	4.3	
11204  	подлинно	подлинно	adv	6.3	2.1	1.4	2.1	11.9	9.9	7.8	
11205  	подсесть	подсесть	v	6.3	12.4	9.7	11.3	0.0	5.1	4.1	
11206  	подступать	подступать	v	6.3	12.6	15.9	10.6	1.5	5.5	3.2	
11207  	пожизненный	пожизненный	a	6.3	1.2	2.0	4.0	4.5	4.0	7.8	
11208  	познавать	познавать	v	6.3	4.2	3.2	3.3	7.4	9.2	4.4	
11209  	полиэтиленовый	полиэтиленовый	a	6.3	0.0	2.8	12.5	5.9	0.7	4.5	
11210  	полушарие	полушарие	s	6.3	9.2	1.7	4.0	8.9	2.6	5.2	
11211  	претерпеть	претерпеть	v	6.3	0.7	2.4	3.6	1.5	6.6	8.3	
11212  	применимый	применимый	a	6.3	1.4	1.4	1.3	1.5	5.1	5.2	
11213  	пробел	пробел	s	6.3	1.9	2.0	2.8	11.9	5.5	7.3	
11214  	пролив	пролив	s	6.3	2.7	6.1	3.4	3.0	16.5	7.5	
11215  	простоять	простоять	v	6.3	8.7	10.5	8.0	7.4	8.4	5.8	
11216  	прощанье	прощанье	s	6.3	9.2	10.7	12.0	1.5	6.2	4.3	
11217  	псковский	псковский	a	6.3	0.3	1.8	3.3	1.5	4.4	9.8	
11218  	пятачок	пятачок	s	6.3	6.9	9.1	13.0	4.5	7.3	3.8	
11219  	развязка	развязка	s	6.3	1.9	3.6	6.2	3.0	4.4	8.2	
11220  	рассыпать	рассыпать	v	6.3	13.5	9.6	10.1	4.5	4.8	4.7	
11221  	растворить	растворить	v	6.3	5.7	5.9	6.5	4.5	3.7	4.1	
11222  	расцвести	расцвести	v	6.3	5.7	7.9	8.4	5.9	7.3	5.7	
11223  	светящийся	светящийся	a	6.3	12.6	8.1	9.9	4.5	5.1	4.5	
11224  	свиной	свиной	a	6.3	7.4	4.5	8.9	4.5	4.0	4.1	
11225  	сгинуть	сгинуть	v	6.3	5.8	10.2	13.4	1.5	7.0	3.7	
11226  	составляться	составляться	v	6.3	1.4	2.0	1.5	7.4	7.3	6.1	
11227  	стемнеть	стемнеть	v	6.3	13.7	12.9	12.8	3.0	5.9	2.5	
11228  	страж	страж	s	6.3	6.7	3.5	8.0	1.5	7.3	7.8	
11229  	стык	стык	s	6.3	4.8	4.3	4.1	8.9	6.2	7.2	
11230  	сукно	сукно	s	6.3	11.3	12.8	8.6	11.9	6.6	4.6	
11231  	султан	султан	s	6.3	14.7	6.8	5.3	4.5	6.2	7.1	
11232  	тарифный	тарифный	a	6.3	0.0	0.5	0.0	1.5	2.9	12.4	
11233  	технически	технически	adv	6.3	2.8	1.7	2.0	3.0	6.6	10.0	
11234  	тринадцатый	тринадцатый	anum	6.3	7.3	8.9	10.7	4.5	6.2	4.7	
11235  	туалетный	туалетный	a	6.3	3.9	5.8	10.4	8.9	5.1	5.9	
11236  	узелок	узелок	s	6.3	14.2	12.4	8.7	5.9	7.7	3.4	
11237  	умиление	умиление	s	6.3	5.1	8.4	10.0	11.9	8.1	4.5	
11238  	унитарный	унитарный	a	6.3	0.0	0.0	0.0	0.0	0.0	8.0	
11239  	утес	утес	s	6.3	36.0	5.0	5.9	0.0	20.9	3.4	
11240  	уха	уха	s	6.3	12.8	14.8	8.5	8.9	12.1	3.2	
11241  	филин	филин	s	6.3	15.1	5.8	15.9	1.5	4.4	2.3	
11242  	фрак	фрак	s	6.3	3.4	6.7	6.6	25.2	18.3	7.6	
11243  	харьковский	харьковский	a	6.3	0.9	21.7	1.1	3.0	12.8	6.9	
11244  	хирургия	хирургия	s	6.3	6.4	2.9	4.0	1.5	2.9	10.8	
11245  	хихикать	хихикать	v	6.3	9.9	12.5	12.6	0.0	2.6	3.5	
11246  	храбрость	храбрость	s	6.3	12.6	12.2	7.1	3.0	9.5	5.5	
11247  	черепаха	черепаха	s	6.3	8.7	6.8	8.1	5.9	3.7	5.6	
11248  	чета	чета	s	6.3	7.1	7.7	8.0	23.7	6.2	6.6	
11249  	щелчок	щелчок	s	6.3	8.5	11.2	11.0	3.0	2.9	4.3	
11250  	экстренный	экстренный	a	6.3	2.8	3.2	4.0	0.0	6.2	9.3	
11251  	эмигрировать	эмигрировать	v	6.3	1.8	2.8	4.5	14.8	4.8	10.8	
11252  	артель	артель	s	6.2	11.2	12.2	3.5	121.6	10.3	4.6	
11253  	архивный	архивный	a	6.2	1.4	1.3	2.3	1.5	9.2	8.6	
11254  	астроном	астроном	s	6.2	9.6	1.7	3.2	5.9	16.9	4.7	
11255  	атмосферный	атмосферный	a	6.2	5.0	0.5	1.5	1.5	2.2	5.1	
11256  	баллон	баллон	s	6.2	6.7	7.2	5.2	3.0	3.3	6.9	
11257  	беспрерывно	беспрерывно	adv	6.2	11.0	9.2	7.0	19.3	8.8	6.2	
11258  	благоустройство	благоустройство	s	6.2	1.4	0.5	1.8	17.8	8.1	10.4	
11259  	..лядь	..лядь	s	6.2	1.4	7.0	17.6	1.5	0.0	1.4	
11260  	внешнеэкономический	внешнеэкономический	a	6.2	0.0	0.0	0.0	0.0	1.1	9.6	
11261  	внимать	внимать	v	6.2	2.8	6.9	10.8	11.9	4.8	5.7	
11262  	внутренность	внутренность	s	6.2	7.8	10.9	12.1	5.9	3.7	3.0	
11263  	водопровод	водопровод	s	6.2	7.8	4.9	4.2	0.0	20.9	7.1	
11264  	восход	восход	s	6.2	8.9	7.7	6.5	19.3	4.8	6.2	
11265  	врезать	врезать	v	6.2	8.0	11.1	12.7	1.5	3.3	3.5	
11266  	всхлипнуть	всхлипнуть	v	6.2	13.7	14.6	16.2	0.0	0.7	0.0	
11267  	выдвижение	выдвижение	s	6.2	1.4	1.0	1.0	11.9	11.4	10.5	
11268  	вылить	вылить	v	6.2	8.9	8.9	10.3	4.5	4.8	4.1	
11269  	гаишник	гаишник	s	6.2	0.0	0.5	8.9	0.0	0.0	10.2	
11270  	гетто	гетто	s	6.2	7.6	24.8	1.8	0.0	3.3	7.8	
11271  	годный	годный	a	6.2	7.8	10.1	6.9	5.9	6.2	6.0	
11272  	гоняться	гоняться	v	6.2	6.2	13.2	8.1	8.9	8.1	5.7	
11273  	гравюра	гравюра	s	6.2	2.8	1.9	3.7	44.5	5.5	4.5	
11274  	датский	датский	a	6.2	1.6	3.1	3.1	7.4	1.5	10.0	
11275  	десятилетний	десятилетний	a	6.2	4.1	2.8	4.7	13.3	16.5	9.0	
11276  	директива	директива	s	6.2	7.1	2.7	1.6	17.8	17.6	9.2	
11277  	докладчик	докладчик	s	6.2	6.7	7.4	3.1	37.1	16.5	6.3	
11278  	древостой	древостой	s	6.2	0.0	0.0	0.0	0.0	0.0	1.3	
11279  	духовка	духовка	s	6.2	1.8	4.3	5.3	1.5	13.2	6.7	
11280  	жеребец	жеребец	s	6.2	15.2	18.7	10.7	0.0	7.3	2.2	
11281  	забавно	забавно	adv	6.2	6.4	6.8	7.9	7.4	7.7	6.8	
11282  	завалиться	завалиться	v	6.2	11.0	10.7	13.9	1.5	1.5	2.3	
11283  	загудеть	загудеть	v	6.2	16.5	15.9	11.9	4.5	4.4	2.0	
11284  	заправить	заправить	v	6.2	10.5	9.6	7.5	7.4	9.5	4.2	
11285  	зашевелиться	зашевелиться	v	6.2	17.2	11.8	13.1	3.0	2.2	2.4	
11286  	знакомить	знакомить	v	6.2	1.8	5.8	4.5	10.4	7.7	7.8	
11287  	изуродовать	изуродовать	v	6.2	7.8	7.9	8.0	8.9	5.5	5.0	
11288  	инвестировать	инвестировать	v	6.2	0.0	0.0	0.0	0.0	0.0	14.1	
11289  	исписать	исписать	v	6.2	12.8	10.7	10.8	5.9	5.9	3.8	
11290  	канцлер	канцлер	s	6.2	1.9	1.8	4.9	4.5	2.2	9.4	
11291  	караван	караван	s	6.2	5.5	12.3	7.8	4.5	7.0	6.0	
11292  	кардинальный	кардинальный	a	6.2	1.1	0.6	1.1	1.5	4.0	10.7	
11293  	клен	клен	s	6.2	4.6	7.4	5.2	3.0	5.1	3.9	
11294  	княжна	княжна	s	6.2	1.6	4.3	17.1	29.6	1.8	3.0	
11295  	комический	комический	a	6.2	2.8	3.3	2.6	17.8	22.0	8.8	
11296  	конский	конский	a	6.2	6.7	11.6	10.5	1.5	5.1	3.7	
11297  	конструирование	конструирование	s	6.2	0.7	0.0	0.0	0.0	4.4	4.5	
11298  	концентрат	концентрат	s	6.2	3.9	2.3	1.2	16.3	5.9	7.2	
11299  	координационный	координационный	a	6.2	0.0	0.0	0.5	1.5	0.0	9.4	
11300  	кормление	кормление	s	6.2	1.8	2.6	3.0	10.4	5.1	3.8	
11301  	крашеный	крашеный	a	6.2	12.9	12.5	11.4	7.4	4.4	2.9	
11302  	лицевой	лицевой	a	6.2	3.4	1.0	3.7	1.5	1.1	6.9	
11303  	львиный	львиный	a	6.2	3.7	4.7	6.2	7.4	4.8	8.8	
11304  	метрополитен	метрополитен	s	6.2	0.0	1.9	2.2	8.9	12.1	9.6	
11305  	минуть	минуть	v	6.2	2.3	10.7	6.2	10.4	4.8	6.2	
11306  	молот	молот	s	6.2	8.9	7.9	6.9	11.9	3.3	5.1	
11307  	неминуемо	неминуемо	adv	6.2	6.6	2.6	3.8	11.9	15.4	8.1	
11308  	неравенство	неравенство	s	6.2	2.3	3.6	2.8	4.5	2.6	7.4	
11309  	неслышно	неслышно	adv	6.2	17.2	18.4	12.0	7.4	4.8	1.2	
11310  	новшество	новшество	s	6.2	1.1	3.2	1.5	13.3	6.6	10.8	
11311  	номинальный	номинальный	a	6.2	0.0	0.0	0.8	0.0	1.1	5.8	
11312  	обжаловать	обжаловать	v	6.2	0.7	0.0	0.0	0.0	0.0	4.3	
11313  	обогатить	обогатить	v	6.2	3.2	2.2	2.5	11.9	8.8	7.6	
11314  	общечеловеческий	общечеловеческий	a	6.2	2.5	1.4	2.7	5.9	7.3	9.6	
11315  	объединяться	объединяться	v	6.2	1.4	1.9	2.2	3.0	8.1	8.4	
11316  	оживить	оживить	v	6.2	7.8	7.0	6.3	13.3	7.0	6.5	
11317  	озноб	озноб	s	6.2	13.8	12.2	12.8	1.5	4.8	2.4	
11318  	оружейный	оружейный	a	6.2	1.8	2.0	4.2	0.0	2.9	10.3	
11319  	отбывать	отбывать	v	6.2	5.8	6.8	7.2	3.0	12.1	6.3	
11320  	отталкивать	отталкивать	v	6.2	14.0	10.0	8.1	4.5	5.5	4.3	
11321  	перекреститься	перекреститься	v	6.2	6.0	15.2	13.6	4.5	2.9	2.2	
11322  	пересказывать	пересказывать	v	6.2	2.8	4.6	8.9	7.4	6.2	7.0	
11323  	пиковый	пиковый	a	6.2	0.5	5.4	3.3	28.2	2.2	8.9	
11324  	плотина	плотина	s	6.2	10.3	6.9	5.2	10.4	15.0	5.7	
11325  	пляска	пляска	s	6.2	5.3	6.0	6.1	25.2	4.4	7.0	
11326  	побаиваться	побаиваться	v	6.2	9.0	12.7	9.1	1.5	7.7	5.2	
11327  	пожарный	пожарный	s	6.2	3.2	1.9	5.2	4.5	2.9	10.7	
11328  	покрываться	покрываться	v	6.2	5.5	6.4	7.8	8.9	4.8	5.9	
11329  	получатель	получатель	s	6.2	0.5	0.0	1.6	0.0	0.0	5.0	
11330  	понижение	понижение	s	6.2	1.6	1.4	1.5	1.5	5.5	6.8	
11331  	поощрение	поощрение	s	6.2	3.4	2.6	2.1	4.5	7.3	8.8	
11332  	порадоваться	порадоваться	v	6.2	4.1	7.0	9.6	3.0	7.0	6.2	
11333  	почудиться	почудиться	v	6.2	9.4	13.2	14.4	4.5	2.9	2.1	
11334  	праздный	праздный	a	6.2	3.5	8.4	8.1	5.9	11.0	5.6	
11335  	приглядеться	приглядеться	v	6.2	9.2	8.4	11.9	3.0	4.8	3.8	
11336  	пригрозить	пригрозить	v	6.2	8.0	7.7	9.7	0.0	6.2	6.0	
11337  	прижиться	прижиться	v	6.2	4.1	5.6	5.8	7.4	6.2	8.2	
11338  	припадок	припадок	s	6.2	10.3	11.1	9.3	20.8	12.8	3.4	
11339  	пробный	пробный	a	6.2	2.5	3.1	3.5	3.0	3.3	6.0	
11340  	прогуляться	прогуляться	v	6.2	6.0	8.3	11.6	3.0	1.5	4.8	
11341  	производный	производный	a	6.2	0.5	1.0	0.9	1.5	1.5	3.2	
11342  	промокнуть	промокнуть	v	6.2	12.2	12.0	12.1	5.9	5.5	3.0	
11343  	пропагандистский	пропагандистский	a	6.2	2.7	1.3	1.1	5.9	4.4	12.9	
11344  	протез	протез	s	6.2	5.1	12.5	6.7	1.5	3.3	6.9	
11345  	процессор	процессор	s	6.2	0.0	0.0	0.9	0.0	0.7	8.7	
11346  	работяга	работяга	s	6.2	9.4	12.8	9.6	20.8	13.6	4.0	
11347  	разлом	разлом	s	6.2	0.5	3.1	1.8	0.0	2.9	3.7	
11348  	распространиться	распространиться	v	6.2	4.6	4.1	3.9	20.8	6.2	7.2	
11349  	распять	распять	v	6.2	2.3	8.9	6.2	4.5	4.0	3.9	
11350  	расторжение	расторжение	s	6.2	0.0	1.4	0.6	0.0	1.1	3.2	
11351  	рекламировать	рекламировать	v	6.2	0.0	2.3	3.5	4.5	7.7	10.2	
11352  	свыше	свыше	adv	6.2	4.1	5.8	4.4	11.9	4.0	7.5	
11353  	серб	серб	s	6.2	0.0	6.1	4.3	0.0	0.0	10.2	
11354  	синод	синод	s	6.2	0.5	1.0	1.4	14.8	2.9	9.4	
11355  	смягчить	смягчить	v	6.2	7.3	6.9	5.6	8.9	7.7	7.1	
11356  	сновать	сновать	v	6.2	10.3	8.6	12.0	0.0	7.7	4.0	
11357  	сознаться	сознаться	v	6.2	14.4	11.1	9.1	11.9	13.2	4.0	
11358  	сплюнуть	сплюнуть	v	6.2	13.5	13.8	15.5	1.5	1.5	0.9	
11359  	спутница	спутница	s	6.2	11.7	7.8	12.0	10.4	7.0	3.8	
11360  	сценарист	сценарист	s	6.2	1.1	0.9	3.8	4.5	2.6	12.8	
11361  	теснота	теснота	s	6.2	8.5	8.4	8.8	7.4	15.8	4.3	
11362  	топик	топик	s	6.2	2.3	0.0	0.6	0.0	0.0	0.0	
11363  	топот	топот	s	6.2	12.6	13.1	12.5	3.0	6.6	2.5	
11364  	тошнить	тошнить	v	6.2	6.7	9.7	13.4	3.0	1.1	3.2	
11365  	тошнота	тошнота	s	6.2	8.5	8.3	11.8	1.5	5.9	3.5	
11366  	тренировочный	тренировочный	a	6.2	2.3	5.8	4.3	1.5	1.5	10.2	
11367  	трехлетний	трехлетний	a	6.2	2.8	2.4	4.3	10.4	12.1	9.2	
11368  	углерод	углерод	s	6.2	0.7	1.1	0.0	5.9	2.6	2.8	
11369  	удел	удел	s	6.2	3.2	4.1	5.5	7.4	10.6	6.9	
11370  	уклониться	уклониться	v	6.2	9.8	9.1	6.3	7.4	5.1	6.6	
11371  	украдкой	украдкой	adv	6.2	14.2	14.4	11.8	4.5	6.2	2.5	
11372  	упаковать	упаковать	v	6.2	3.2	3.8	8.8	11.9	3.7	6.5	
11373  	усиленный	усиленный	a	6.2	5.5	6.5	3.3	5.9	8.4	7.8	
11374  	услыхать	услыхать	v	6.2	13.5	16.8	9.1	10.4	6.2	3.6	
11375  	устремление	устремление	s	6.2	2.8	1.1	3.3	13.3	5.5	8.3	
11376  	фронтовик	фронтовик	s	6.2	8.0	11.8	4.4	0.0	10.3	8.6	
11377  	фургон	фургон	s	6.2	5.0	8.9	13.7	0.0	5.1	4.0	
11378  	худо	худо	adv	6.2	13.3	16.5	8.0	10.4	9.9	3.6	
11379  	штабной	штабной	a	6.2	23.0	9.8	8.0	1.5	6.2	4.5	
11380  	а	а	part	6.1	34.6	18.4	6.5	1.5	0.0	0.8	
11381  	антитеррористический	антитеррористический	a	6.1	0.0	0.0	0.6	0.0	0.0	11.7	
11382  	беленький	беленький	a	6.1	17.2	12.7	9.3	11.9	4.8	2.5	
11383  	бесплодный	бесплодный	a	6.1	5.5	6.4	5.8	7.4	10.6	5.5	
11384  	бесспорно	бесспорно	adv	6.1	4.6	6.0	2.2	11.9	9.9	8.6	
11385  	бренд	бренд	s	6.1	0.0	0.0	0.0	3.0	0.7	12.7	
11386  	взрываться	взрываться	v	6.1	6.6	8.3	9.1	4.5	5.1	5.8	
11387  	вибрация	вибрация	s	6.1	3.7	2.3	4.9	4.5	1.5	7.5	
11388  	вологодский	вологодский	a	6.1	3.9	2.8	3.5	14.8	4.8	9.6	
11389  	восемнадцатый	восемнадцатый	anum	6.1	8.5	11.0	10.0	8.9	7.7	3.5	
11390  	въезжать	въезжать	v	6.1	7.3	5.1	8.4	4.5	7.0	6.7	
11391  	выборный	выборный	a	6.1	0.7	0.5	2.2	0.0	4.8	10.5	
11392  	выдвигаться	выдвигаться	v	6.1	3.2	2.2	2.3	3.0	8.4	8.3	
11393  	высунуть	высунуть	v	6.1	13.8	14.2	11.7	4.5	4.4	2.4	
11394  	генотип	генотип	s	6.1	0.0	0.0	0.0	0.0	0.0	0.8	
11395  	гладь	гладь	s	6.1	9.6	7.7	10.2	10.4	7.0	4.2	
11396  	горничная	горничная	s	6.1	6.2	6.8	11.9	8.9	9.9	4.5	
11397  	графа	графа	s	6.1	3.5	4.0	5.2	7.4	4.0	6.5	
11398  	греза	греза	s	6.1	5.7	5.1	8.0	7.4	5.5	7.2	
11399  	грешить	грешить	v	6.1	3.7	4.9	6.7	5.9	2.9	6.0	
11400  	гроссмейстер	гроссмейстер	s	6.1	0.5	1.1	1.3	7.4	4.0	14.3	
11401  	девяностый	девяностый	anum	6.1	0.5	0.9	5.7	4.5	1.5	11.1	
11402  	дивиденд	дивиденд	s	6.1	0.9	0.0	2.4	0.0	0.0	9.9	
11403  	доносить	доносить	v	6.1	14.5	8.3	7.6	5.9	7.7	4.9	
11404  	достопримечательность	достопримечательность	s	6.1	1.6	3.7	5.1	0.0	8.1	9.1	
11405  	дотронуться	дотронуться	v	6.1	15.2	11.8	12.4	0.0	2.9	1.8	
11406  	дурочка	дурочка	s	6.1	8.9	11.9	13.4	7.4	1.5	2.2	
11407  	ежемесячный	ежемесячный	a	6.1	1.1	0.8	2.0	5.9	4.0	9.9	
11408  	железнодорожник	железнодорожник	s	6.1	11.3	7.2	4.9	35.6	6.2	7.3	
11409  	загар	загар	s	6.1	12.6	6.4	8.6	3.0	2.6	5.5	
11410  	заимствовать	заимствовать	v	6.1	3.0	2.0	1.6	7.4	9.9	7.6	
11411  	засохнуть	засохнуть	v	6.1	11.0	9.8	12.1	1.5	2.6	3.2	
11412  	заткнуться	заткнуться	v	6.1	5.0	14.7	16.4	0.0	0.7	1.3	
11413  	затруднять	затруднять	v	6.1	3.4	3.2	1.6	7.4	7.7	6.1	
11414  	захлопнуться	захлопнуться	v	6.1	14.0	10.9	11.6	1.5	2.6	3.5	
11415  	зола	зола	s	6.1	8.2	9.2	8.5	10.4	5.9	4.4	
11416  	извещение	извещение	s	6.1	4.6	5.5	2.0	7.4	3.7	5.2	
11417  	издевательство	издевательство	s	6.1	4.4	5.9	5.5	16.3	6.2	8.3	
11418  	изрядный	изрядный	a	6.1	3.5	3.7	7.5	3.0	8.4	8.0	
11419  	изыскание	изыскание	s	6.1	3.4	2.9	3.4	3.0	5.9	8.0	
11420  	иллюминатор	иллюминатор	s	6.1	9.4	10.6	10.3	8.9	4.8	4.1	
11421  	иллюстрировать	иллюстрировать	v	6.1	1.4	3.1	1.8	19.3	6.6	7.1	
11422  	интегральный	интегральный	a	6.1	1.8	0.6	0.0	1.5	3.3	2.6	
11423  	исправлять	исправлять	v	6.1	5.3	5.2	4.5	8.9	8.8	7.1	
11424  	кабак	кабак	s	6.1	3.5	6.5	12.7	8.9	2.9	4.2	
11425  	кедр	кедр	s	6.1	12.4	5.2	2.8	0.0	1.1	2.9	
11426  	кировский	кировский	a	6.1	4.6	3.2	2.4	3.0	5.1	9.8	
11427  	колыхаться	колыхаться	v	6.1	12.6	12.4	11.9	7.4	4.8	2.7	
11428  	крапива	крапива	s	6.1	10.5	13.2	9.9	5.9	8.8	2.8	
11429  	кроткий	кроткий	a	6.1	11.3	8.1	8.2	22.2	7.3	4.1	
11430  	крупно	крупно	adv	6.1	8.9	10.4	8.9	1.5	8.1	5.2	
11431  	лада	лада	s	6.1	0.5	4.2	4.7	0.0	0.0	10.7	
11432  	льдина	льдина	s	6.1	7.4	12.2	6.8	14.8	27.5	4.4	
11433  	машиностроительный	машиностроительный	a	6.1	1.1	0.0	0.5	4.5	6.2	9.6	
11434  	мечеть	мечеть	s	6.1	1.6	1.3	4.4	4.5	3.7	8.4	
11435  	микрорайон	микрорайон	s	6.1	0.7	3.2	3.9	0.0	3.7	10.7	
11436  	многонациональный	многонациональный	a	6.1	0.0	0.6	0.8	4.5	6.6	12.0	
11437  	мобилизовать	мобилизовать	v	6.1	5.7	6.8	2.2	14.8	14.3	8.2	
11438  	монархия	монархия	s	6.1	1.6	1.3	3.3	10.4	9.9	10.2	
11439  	наводнение	наводнение	s	6.1	1.9	2.9	5.8	3.0	4.4	8.2	
11440  	наладиться	наладиться	v	6.1	5.3	12.2	7.1	3.0	7.0	5.0	
11441  	нарочито	нарочито	adv	6.1	7.6	8.4	10.1	7.4	9.5	4.6	
11442  	натиск	натиск	s	6.1	6.6	6.4	4.5	7.4	8.8	8.1	
11443  	небоскреб	небоскреб	s	6.1	2.1	5.4	6.0	3.0	12.8	8.9	
11444  	невозмутимо	невозмутимо	adv	6.1	11.0	8.6	13.2	4.5	4.4	3.4	
11445  	незнание	незнание	s	6.1	6.0	2.8	5.3	3.0	14.3	6.1	
11446  	непроницаемый	непроницаемый	a	6.1	14.5	8.8	8.0	8.9	4.8	3.3	
11447  	обязываться	обязываться	v	6.1	0.5	1.7	2.1	10.4	5.1	5.5	
11448  	одобрительно	одобрительно	adv	6.1	14.2	8.1	11.8	1.5	9.9	3.5	
11449  	осадить	осадить	v	6.1	8.7	10.5	9.5	5.9	6.6	4.3	
11450  	осадок	осадок	s	6.1	2.3	6.3	4.5	1.5	3.7	5.0	
11451  	отбиваться	отбиваться	v	6.1	9.2	11.9	10.2	1.5	5.5	4.5	
11452  	отодвинуться	отодвинуться	v	6.1	18.3	15.5	11.4	1.5	1.8	1.8	
11453  	охладить	охладить	v	6.1	2.7	3.5	3.9	4.5	4.4	6.7	
11454  	пересекаться	пересекаться	v	6.1	2.7	3.8	6.1	3.0	1.8	6.5	
11455  	повинный	повинный	a	6.1	3.2	7.5	8.7	10.4	6.6	6.2	
11456  	подвезти	подвезти	v	6.1	8.0	7.8	12.1	8.9	3.3	4.6	
11457  	подвернуться	подвернуться	v	6.1	9.2	11.9	11.4	5.9	4.0	3.5	
11458  	по-детски	по-детски	adv	6.1	12.4	10.4	10.2	10.4	9.2	4.0	
11459  	подложить	подложить	v	6.1	10.1	8.9	11.0	3.0	4.8	3.6	
11460  	подтекст	подтекст	s	6.1	1.4	3.3	3.8	1.5	13.2	9.2	
11461  	покачивать	покачивать	v	6.1	19.0	12.9	12.4	3.0	2.6	1.7	
11462  	полномочный	полномочный	a	6.1	2.3	1.5	4.1	4.5	2.2	9.6	
11463  	поломать	поломать	v	6.1	7.6	9.2	9.9	8.9	4.4	5.0	
11464  	помалкивать	помалкивать	v	6.1	10.5	13.4	11.2	7.4	5.9	3.0	
11465  	попутный	попутный	a	6.1	12.1	11.4	4.0	11.9	5.9	5.9	
11466  	поразительно	поразительно	adv	6.1	8.2	6.3	5.2	14.8	12.1	7.5	
11467  	порасти	порасти	v	6.1	13.5	13.1	9.5	11.9	8.4	3.1	
11468  	порочный	порочный	a	6.1	5.1	5.9	5.3	14.8	7.7	6.7	
11469  	почем	почем	advpro	6.1	8.7	10.4	10.2	0.0	4.0	4.5	
11470  	правопорядок	правопорядок	s	6.1	0.0	0.0	1.9	0.0	2.6	7.7	
11471  	предопределить	предопределить	v	6.1	2.1	1.8	3.0	1.5	5.5	7.6	
11472  	присяжный	присяжный	s	6.1	1.6	1.0	1.6	1.5	2.2	9.7	
11473  	причинять	причинять	v	6.1	6.6	5.1	7.4	7.4	7.3	5.5	
11474  	проникнуться	проникнуться	v	6.1	5.8	5.6	7.4	3.0	8.8	7.1	
11475  	противовоздушный	противовоздушный	a	6.1	1.4	0.9	0.5	0.0	3.7	9.7	
11476  	радиатор	радиатор	s	6.1	8.5	3.6	2.8	1.5	2.9	9.9	
11477  	распорядок	распорядок	s	6.1	7.3	3.5	5.5	7.4	8.8	4.0	
11478  	распределять	распределять	v	6.1	3.9	2.8	2.6	5.9	7.0	8.5	
11479  	расставание	расставание	s	6.1	5.1	5.6	7.8	14.8	7.0	6.9	
11480  	румянец	румянец	s	6.1	19.3	10.0	11.3	3.0	3.3	2.8	
11481  	сельсовет	сельсовет	s	6.1	32.1	15.0	2.1	62.3	8.1	3.8	
11482  	силиться	силиться	v	6.1	14.5	9.8	13.2	11.9	3.3	2.3	
11483  	скатиться	скатиться	v	6.1	13.1	12.9	10.2	0.0	3.3	3.8	
11484  	соревноваться	соревноваться	v	6.1	4.2	4.0	3.1	25.2	9.5	10.4	
11485  	сползать	сползать	v	6.1	15.8	9.3	11.6	4.5	5.9	3.1	
11486  	сюжетный	сюжетный	a	6.1	0.5	0.9	2.2	16.3	2.9	10.3	
11487  	терминал	терминал	s	6.1	0.0	0.6	1.9	0.0	0.0	9.7	
11488  	толстяк	толстяк	s	6.1	9.2	8.1	13.6	3.0	5.1	3.1	
11489  	транзит	транзит	s	6.1	0.5	1.3	1.2	0.0	1.1	9.0	
11490  	увозить	увозить	v	6.1	8.3	7.4	8.2	8.9	11.7	6.0	
11491  	угнетать	угнетать	v	6.1	6.6	9.5	6.7	5.9	10.3	6.3	
11492  	ускоренный	ускоренный	a	6.1	1.4	1.0	1.6	4.5	7.7	8.0	
11493  	фартук	фартук	s	6.1	19.3	12.2	9.6	5.9	6.2	2.9	
11494  	физиология	физиология	s	6.1	4.2	3.5	3.4	1.5	6.2	5.4	
11495  	фотка	фотка	s	6.1	0.0	0.0	2.9	0.0	0.0	1.2	
11496  	фриц	фриц	s	6.1	27.5	17.6	3.5	0.0	8.8	4.6	
11497  	хищение	хищение	s	6.1	1.6	3.2	3.2	0.0	3.7	9.0	
11498  	хруст	хруст	s	6.1	9.9	11.1	14.4	7.4	4.4	1.9	
11499  	цветник	цветник	s	6.1	2.8	1.4	3.1	7.4	4.4	6.9	
11500  	циничный	циничный	a	6.1	2.7	4.0	7.0	3.0	6.2	8.3	
11501  	чадо	чадо	s	6.1	1.8	2.2	4.9	1.5	2.9	7.0	
11502  	черноморский	черноморский	a	6.1	1.2	5.1	2.1	17.8	7.0	9.5	
11503  	чехол	чехол	s	6.1	9.2	6.8	9.3	1.5	6.6	4.1	
11504  	щас	щас	adv	6.1	2.3	7.8	12.4	0.0	0.0	2.0	
11505  	эволюционный	эволюционный	a	6.1	0.7	1.1	1.1	3.0	0.7	4.5	
11506  	эфирный	эфирный	a	6.1	1.1	0.0	2.9	4.5	2.2	7.9	
11507  	азербайджанский	азербайджанский	a	6.0	0.0	0.5	2.4	5.9	16.5	11.1	
11508  	алименты	алименты	s	6.0	4.4	3.6	4.0	0.0	2.6	2.1	
11509  	арендный	арендный	a	6.0	0.0	0.0	0.9	0.0	1.8	10.9	
11510  	ас	ас	s	6.0	1.8	8.3	4.0	1.5	8.1	4.4	
11511  	байка	байка	s	6.0	2.3	7.3	6.6	7.4	5.9	8.1	
11512  	безлюдный	безлюдный	a	6.0	10.6	10.6	10.2	11.9	10.3	3.9	
11513  	беспомощность	беспомощность	s	6.0	12.8	10.4	5.4	7.4	7.3	5.4	
11514  	брезентовый	брезентовый	a	6.0	21.4	14.8	8.3	13.3	6.6	2.6	
11515  	валун	валун	s	6.0	16.3	8.9	9.2	8.9	6.6	3.4	
11516  	вдохновить	вдохновить	v	6.0	2.5	2.8	5.0	14.8	5.1	8.1	
11517  	верхом	верхом	adv	6.0	9.9	12.2	9.2	14.8	9.9	3.9	
11518  	вещать	вещать	v	6.0	2.7	5.4	8.7	4.5	1.5	6.9	
11519  	взмах	взмах	s	6.0	15.6	8.4	10.1	10.4	4.0	3.2	
11520  	взобраться	взобраться	v	6.0	18.3	14.2	9.2	3.0	5.5	3.0	
11521  	внятно	внятно	adv	6.0	5.5	8.3	10.1	0.0	2.2	5.3	
11522  	внятный	внятный	a	6.0	1.2	3.5	6.3	0.0	2.2	9.8	
11523  	водительский	водительский	a	6.0	0.9	2.0	5.6	0.0	1.5	10.1	
11524  	возведение	возведение	s	6.0	0.5	0.0	1.5	7.4	4.4	10.1	
11525  	вонять	вонять	v	6.0	6.4	10.2	15.9	1.5	2.6	1.5	
11526  	всесторонний	всесторонний	a	6.0	2.7	1.3	0.0	5.9	8.8	5.7	
11527  	встроить	встроить	v	6.0	0.0	0.5	2.3	0.0	1.8	9.0	
11528  	вулкан	вулкан	s	6.0	3.0	6.1	5.4	11.9	9.9	6.1	
11529  	выпад	выпад	s	6.0	2.8	7.2	7.2	4.5	9.2	6.9	
11530  	гармошка	гармошка	s	6.0	16.3	14.7	6.8	7.4	5.5	4.3	
11531  	генерал-полковник	генерал-полковник	s	6.0	6.2	2.4	0.0	8.9	3.3	12.6	
11532  	графика	графика	s	6.0	1.1	0.0	1.4	25.2	1.8	8.8	
11533  	журналистка	журналистка	s	6.0	0.0	1.7	10.2	3.0	2.6	8.4	
11534  	завораживать	завораживать	v	6.0	0.0	4.5	8.0	1.5	5.5	8.3	
11535  	задавить	задавить	v	6.0	9.2	9.3	7.9	0.0	5.5	5.7	
11536  	зазвенеть	зазвенеть	v	6.0	19.5	15.9	11.7	3.0	0.7	1.4	
11537  	заулыбаться	заулыбаться	v	6.0	14.2	15.1	12.3	3.0	3.7	1.9	
11538  	знаменательный	знаменательный	a	6.0	2.5	3.7	2.7	17.8	9.2	8.3	
11539  	зыбкий	зыбкий	a	6.0	9.9	9.7	9.2	1.5	7.3	4.6	
11540  	изнасиловать	изнасиловать	v	6.0	1.9	6.0	13.0	7.4	3.3	3.5	
11541  	изучаться	изучаться	v	6.0	1.4	0.5	0.0	1.5	5.5	5.0	
11542  	истекать	истекать	v	6.0	5.5	6.4	8.5	4.5	2.9	5.5	
11543  	иудей	иудей	s	6.0	0.5	3.1	4.8	3.0	2.6	5.5	
11544  	кануть	кануть	v	6.0	5.1	7.0	10.1	3.0	7.3	5.9	
11545  	картофельный	картофельный	a	6.0	8.2	18.2	7.8	1.5	5.5	3.8	
11546  	квартирный	квартирный	a	6.0	4.1	3.5	6.1	7.4	7.3	8.3	
11547  	кинематографист	кинематографист	s	6.0	0.5	0.5	1.0	8.9	7.3	13.8	
11548  	козырь	козырь	s	6.0	6.0	6.9	6.4	7.4	4.4	8.1	
11549  	копить	копить	v	6.0	8.0	7.5	8.6	4.5	4.4	5.5	
11550  	коротенький	коротенький	a	6.0	13.5	10.4	8.8	20.8	5.5	3.7	
11551  	крот	крот	s	6.0	3.5	4.7	17.6	1.5	0.0	2.7	
11552  	крылышко	крылышко	s	6.0	10.8	12.5	9.6	4.5	1.8	3.9	
11553  	лепешка	лепешка	s	6.0	6.9	11.1	10.6	3.0	11.4	3.4	
11554  	леший	леший	s	6.0	9.8	8.2	13.0	8.9	1.1	3.5	
11555  	линза	линза	s	6.0	2.5	3.2	6.9	0.0	7.7	4.5	
11556  	лупить	лупить	v	6.0	8.3	15.0	10.5	0.0	3.3	3.5	
11557  	магнит	магнит	s	6.0	3.9	5.0	3.7	0.0	8.1	3.8	
11558  	матовый	матовый	a	6.0	12.6	5.8	8.6	5.9	1.8	4.2	
11559  	маэстро	маэстро	s	6.0	0.9	4.3	5.5	1.5	7.0	10.2	
11560  	мерзость	мерзость	s	6.0	5.7	8.9	10.9	3.0	3.7	4.5	
11561  	микроскоп	микроскоп	s	6.0	11.5	9.8	3.3	28.2	1.1	4.0	
11562  	миллионный	миллионный	a	6.0	3.0	3.2	4.6	8.9	9.9	9.3	
11563  	мимолетный	мимолетный	a	6.0	3.7	7.9	10.4	3.0	9.9	4.9	
11564  	миротворческий	миротворческий	a	6.0	0.0	0.0	0.9	0.0	0.0	12.7	
11565  	моторный	моторный	a	6.0	3.2	3.8	2.1	4.5	3.3	6.0	
11566  	надумать	надумать	v	6.0	9.0	12.0	10.7	5.9	3.7	3.1	
11567  	нажим	нажим	s	6.0	4.6	5.6	8.8	4.5	13.9	5.3	
11568  	наполнение	наполнение	s	6.0	1.2	0.0	2.2	0.0	3.7	6.3	
11569  	наращивать	наращивать	v	6.0	1.6	1.7	2.1	3.0	4.4	9.4	
11570  	настойчивость	настойчивость	s	6.0	6.7	6.8	4.7	11.9	11.7	7.4	
11571  	насыпь	насыпь	s	6.0	11.2	18.8	8.6	1.5	3.7	2.1	
11572  	натыкаться	натыкаться	v	6.0	6.7	10.0	9.7	4.5	7.7	5.0	
11573  	неизвестность	неизвестность	s	6.0	5.5	7.0	8.0	1.5	7.0	5.8	
11574  	нелепость	нелепость	s	6.0	10.8	7.3	6.1	7.4	12.5	5.7	
11575  	неудачник	неудачник	s	6.0	6.9	11.4	6.8	5.9	6.6	6.1	
11576  	неуклонно	неуклонно	adv	6.0	5.0	4.3	4.6	8.9	6.6	8.2	
11577  	неэффективный	неэффективный	a	6.0	0.0	0.0	0.0	0.0	1.1	11.2	
11578  	ничья	ничья	s	6.0	2.7	3.3	3.3	0.0	3.7	10.7	
11579  	нотариальный	нотариальный	a	6.0	0.0	0.5	1.2	0.0	0.0	3.8	
11580  	нуклеотидный	нуклеотидный	a	6.0	0.0	0.0	0.0	0.0	0.0	0.0	
11581  	обить	обить	v	6.0	11.3	10.0	11.3	5.9	7.0	3.4	
11582  	обложить	обложить	v	6.0	6.0	7.9	9.1	11.9	7.3	5.3	
11583  	однокомнатный	однокомнатный	a	6.0	1.4	5.4	11.3	1.5	1.1	6.2	
11584  	одолевать	одолевать	v	6.0	6.0	8.8	9.0	3.0	15.8	4.9	
11585  	округленный	округленный	a	6.0	1.1	0.0	0.0	1.5	0.0	0.0	
11586  	орнамент	орнамент	s	6.0	3.7	2.6	4.7	8.9	7.0	6.7	
11587  	ослабеть	ослабеть	v	6.0	16.1	8.8	8.8	5.9	14.3	3.6	
11588  	отображение	отображение	s	6.0	0.5	0.0	0.6	4.5	1.1	2.3	
11589  	отсидеть	отсидеть	v	6.0	3.9	6.7	8.2	1.5	8.8	7.2	
11590  	оттепель	оттепель	s	6.0	2.7	4.9	3.9	1.5	15.8	9.6	
11591  	паровой	паровой	a	6.0	5.7	5.4	3.7	10.4	4.0	4.1	
11592  	пастор	пастор	s	6.0	23.0	18.3	6.6	0.0	5.1	2.5	
11593  	перерезать	перерезать	v	6.0	10.1	8.5	10.3	4.8	6.3	4.6	
11594  	пересадка	пересадка	s	6.0	2.5	4.2	5.4	0.0	3.7	8.0	
11595  	планировка	планировка	s	6.0	1.8	1.0	2.6	0.0	12.8	7.4	
11596  	погрузка	погрузка	s	6.0	6.0	11.4	4.0	8.9	5.1	3.7	
11597  	подуматься	подуматься	v	6.0	8.2	11.6	10.4	0.0	3.7	4.2	
11598  	понюхать	понюхать	v	6.0	13.1	13.1	11.1	4.5	4.4	2.8	
11599  	поочередно	поочередно	adv	6.0	6.6	7.4	6.5	3.0	6.6	5.9	
11600  	порядочность	порядочность	s	6.0	5.3	7.8	4.0	4.5	15.8	7.4	
11601  	постановщик	постановщик	s	6.0	0.5	0.5	0.7	68.2	1.8	11.9	
11602  	потенциально	потенциально	adv	6.0	0.0	0.0	1.2	0.0	2.2	8.3	
11603  	поучительный	поучительный	a	6.0	5.1	6.7	3.9	13.3	9.9	7.2	
11604  	приличие	приличие	s	6.0	7.8	8.7	8.7	16.3	5.1	4.9	
11605  	продвинуться	продвинуться	v	6.0	7.4	6.7	5.0	3.0	8.8	7.0	
11606  	продуктивность	продуктивность	s	6.0	0.0	0.6	0.0	19.3	7.7	3.4	
11607  	проклясть	проклясть	v	6.0	10.5	10.7	11.0	8.9	4.4	3.2	
11608  	пуд	пуд	s	6.0	15.1	7.4	4.9	20.8	27.1	3.3	
11609  	пылесос	пылесос	s	6.0	3.0	3.6	11.9	0.0	2.6	4.6	
11610  	развлекаться	развлекаться	v	6.0	6.0	5.5	10.3	11.9	6.6	4.7	
11611  	разговориться	разговориться	v	6.0	8.3	10.1	7.7	19.3	13.6	5.3	
11612  	разоблачить	разоблачить	v	6.0	8.2	6.7	5.8	17.8	19.4	6.5	
11613  	растерянный	растерянный	a	6.0	14.0	10.7	10.0	1.5	5.5	4.1	
11614  	ревизор	ревизор	s	6.0	9.2	7.8	2.0	37.1	6.2	7.4	
11615  	регистрационный	регистрационный	a	6.0	0.0	1.4	1.6	0.0	0.0	5.8	
11616  	резидент	резидент	s	6.0	4.4	1.4	3.8	0.0	1.5	7.1	
11617  	ренессанс	ренессанс	s	6.0	0.5	2.0	1.1	1.5	13.9	6.8	
11618  	россыпь	россыпь	s	6.0	6.2	10.5	6.9	4.5	2.9	3.1	
11619  	ручеек	ручеек	s	6.0	13.3	8.7	7.8	4.5	10.3	4.0	
11620  	рябой	рябой	a	6.0	27.3	10.9	11.6	3.0	2.2	1.2	
11621  	самогон	самогон	s	6.0	4.1	16.1	11.6	4.5	7.0	3.4	
11622  	сбиваться	сбиваться	v	6.0	8.0	9.1	9.7	14.8	8.4	4.3	
11623  	сводный	сводный	a	6.0	3.0	1.7	3.3	3.0	4.8	6.4	
11624  	сдерживаться	сдерживаться	v	6.0	7.8	11.1	10.3	4.5	6.2	3.3	
11625  	сновидение	сновидение	s	6.0	5.7	7.5	8.0	8.9	4.8	5.0	
11626  	срез	срез	s	6.0	4.1	5.6	2.9	1.5	2.9	4.3	
11627  	стерва	стерва	s	6.0	7.4	8.3	15.1	1.5	1.5	2.1	
11628  	стимулирование	стимулирование	s	6.0	0.0	0.0	0.0	0.0	5.1	8.4	
11629  	странник	странник	s	6.0	4.4	10.9	5.6	29.6	7.0	4.7	
11630  	сумрачный	сумрачный	a	6.0	11.9	11.1	11.5	3.0	2.9	3.3	
11631  	техногенный	техногенный	a	6.0	0.0	0.0	0.0	0.0	0.0	5.2	
11632  	тройной	тройной	a	6.0	6.6	4.9	6.8	4.5	8.1	5.5	
11633  	трусость	трусость	s	6.0	12.8	10.5	6.8	5.9	8.1	4.8	
11634  	туннель	туннель	s	6.0	5.5	11.2	8.2	5.9	6.2	5.4	
11635  	тюменский	тюменский	a	6.0	0.0	0.0	1.0	0.0	4.4	9.2	
11636  	тяжелейший	тяжелейший	a	6.0	0.9	2.7	2.5	0.0	12.1	10.8	
11637  	увязать	увязать	v	6.0	7.1	6.5	7.8	3.0	7.3	5.2	
11638  	уксус	уксус	s	6.0	2.8	2.8	4.4	5.9	8.4	7.4	
11639  	урожайность	урожайность	s	6.0	0.7	1.4	0.7	19.3	12.8	4.1	
11640  	утерять	утерять	v	6.0	5.1	5.9	5.9	7.4	10.3	6.8	
11641  	фарш	фарш	s	6.0	0.5	1.8	3.0	0.0	6.2	3.0	
11642  	филолог	филолог	s	6.0	1.8	6.4	5.2	8.9	7.7	6.1	
11643  	флажок	флажок	s	6.0	12.1	8.7	6.7	8.9	7.7	5.1	
11644  	фруктовый	фруктовый	a	6.0	4.1	5.2	4.8	14.8	8.1	7.4	
11645  	хамство	хамство	s	6.0	4.2	7.7	7.7	4.5	4.8	6.7	
11646  	челябинский	челябинский	a	6.0	1.1	0.0	0.6	5.9	2.9	10.9	
11647  	шампунь	шампунь	s	6.0	0.5	2.2	4.5	0.0	1.1	5.0	
11648  	швейный	швейный	a	6.0	4.8	5.4	5.7	16.3	11.0	6.0	
11649  	шелест	шелест	s	6.0	11.3	11.5	9.7	7.4	12.1	3.5	
11650  	азербайджанец	азербайджанец	s	5.9	0.0	3.5	6.4	4.5	3.7	9.3	
11651  	антимонопольный	антимонопольный	a	5.9	0.0	0.0	0.0	0.0	0.0	9.9	
11652  	аристократ	аристократ	s	5.9	6.0	6.1	5.2	19.3	7.0	7.2	
11653  	артиллерист	артиллерист	s	5.9	24.3	15.7	3.3	5.9	7.0	5.1	
11654  	белизна	белизна	s	5.9	12.1	11.2	10.8	13.3	4.0	2.6	
11655  	белый	белый	s	5.9	1.2	3.5	8.4	32.6	15.0	6.1	
11656  	благодатный	благодатный	a	5.9	2.3	2.4	3.3	5.9	4.8	7.9	
11657  	блузка	блузка	s	5.9	7.6	6.7	13.7	4.5	7.0	2.7	
11658  	бодрость	бодрость	s	5.9	9.2	7.5	6.5	8.9	10.6	4.8	
11659  	боже	боже	intj	5.9	7.8	7.0	11.3	1.5	3.7	3.8	
11660  	брань	брань	s	5.9	6.0	5.8	7.0	10.4	13.2	5.8	
11661  	брэнд	брэнд	s	5.9	0.0	0.0	0.6	0.0	0.0	12.8	
11662  	бычок	бычок	s	5.9	4.1	15.0	9.6	10.4	6.2	3.7	
11663  	вдохновлять	вдохновлять	v	5.9	2.5	3.6	4.0	26.7	7.0	8.2	
11664  	веревочка	веревочка	s	5.9	11.3	11.6	9.7	4.5	6.2	3.5	
11665  	взаимосвязанный	взаимосвязанный	a	5.9	1.1	0.9	0.9	1.5	3.3	4.7	
11666  	вожак	вожак	s	5.9	15.9	6.9	7.0	23.7	7.0	5.4	
11667  	возлагать	возлагать	v	5.9	4.2	3.8	3.2	4.5	6.6	7.4	
11668  	вонь	вонь	s	5.9	5.3	9.7	14.2	5.9	4.0	2.5	
11669  	вписаться	вписаться	v	5.9	0.3	1.4	4.6	0.0	2.9	10.3	
11670  	втягивать	втягивать	v	5.9	6.4	8.1	10.1	1.5	5.5	4.6	
11671  	выпускной	выпускной	a	5.9	2.1	3.8	5.9	5.9	5.5	7.5	
11672  	вырубить	вырубить	v	5.9	10.5	8.6	8.9	8.9	3.3	4.5	
11673  	глубочайший	глубочайший	a	5.9	4.8	4.5	4.5	14.8	4.4	7.3	
11674  	гнаться	гнаться	v	5.9	16.1	10.9	8.9	4.5	3.7	3.6	
11675  	гостеприимный	гостеприимный	a	5.9	4.6	6.0	5.8	23.7	8.4	7.6	
11676  	гостить	гостить	v	5.9	5.7	5.0	6.3	14.8	15.0	7.0	
11677  	гуманизм	гуманизм	s	5.9	1.9	6.0	3.9	14.8	18.3	6.8	
11678  	гуща	гуща	s	5.9	8.9	10.0	7.6	10.4	9.5	5.0	
11679  	диковинный	диковинный	a	5.9	8.9	7.3	6.7	13.3	8.1	6.0	
11680  	духота	духота	s	5.9	13.1	11.6	10.2	4.5	6.6	3.2	
11681  	единение	единение	s	5.9	1.4	2.3	3.7	4.5	7.0	8.3	
11682  	забежать	забежать	v	5.9	9.2	13.7	9.8	13.3	7.3	3.4	
11683  	загорать	загорать	v	5.9	8.2	7.3	8.2	5.9	2.9	4.8	
11684  	запахнуть	запахнуть	v	5.9	14.5	12.3	11.3	4.5	3.7	2.6	
11685  	застрелиться	застрелиться	v	5.9	6.6	11.1	7.7	14.8	18.0	4.9	
11686  	засуетиться	засуетиться	v	5.9	11.7	11.5	13.3	1.5	2.2	2.4	
11687  	звякнуть	звякнуть	v	5.9	8.9	15.6	14.6	1.5	1.1	0.9	
11688  	избежание	избежание	s	5.9	2.1	1.7	2.9	5.9	2.2	6.5	
11689  	изгородь	изгородь	s	5.9	12.2	9.3	5.8	5.9	11.7	3.6	
11690  	имитация	имитация	s	5.9	1.1	1.4	2.8	3.0	8.4	7.1	
11691  	инструментальный	инструментальный	a	5.9	1.2	1.1	1.1	1.5	2.2	6.3	
11692  	иронический	иронический	a	5.9	5.8	5.6	3.7	13.3	9.2	8.3	
11693  	карниз	карниз	s	5.9	10.1	10.4	9.5	5.9	1.8	3.8	
11694  	кефир	кефир	s	5.9	4.4	15.9	7.1	1.5	1.8	4.7	
11695  	кивок	кивок	s	5.9	10.3	9.3	13.8	4.5	5.1	2.4	
11696  	клубиться	клубиться	v	5.9	10.5	13.2	11.4	7.4	3.3	2.9	
11697  	клык	клык	s	5.9	7.8	13.9	9.0	5.9	2.2	4.0	
11698  	коллекционер	коллекционер	s	5.9	1.4	2.9	5.2	5.9	4.4	9.8	
11699  	комплектация	комплектация	s	5.9	0.0	0.0	0.0	0.0	0.0	12.6	
11700  	конвоир	конвоир	s	5.9	15.1	6.3	6.3	0.0	35.6	4.8	
11701  	контролер	контролер	s	5.9	4.2	4.7	7.7	4.5	11.0	7.1	
11702  	концлагерь	концлагерь	s	5.9	21.1	5.9	3.9	1.5	3.7	7.5	
11703  	косарь	косарь	s	5.9	2.7	2.6	21.9	1.5	0.7	0.0	
11704  	крестик	крестик	s	5.9	5.7	7.4	10.4	8.9	3.7	4.4	
11705  	кружевной	кружевной	a	5.9	6.7	11.9	9.7	13.3	4.8	4.0	
11706  	ладоши	ладоши	s	5.9	12.6	12.2	11.3	1.5	3.3	2.6	
11707  	мазать	мазать	v	5.9	10.8	5.2	6.5	7.4	2.2	3.6	
11708  	малолетний	малолетний	a	5.9	3.7	4.1	8.3	4.5	5.5	5.6	
11709  	мальчишеский	мальчишеский	a	5.9	17.7	12.2	7.7	10.4	5.5	4.2	
11710  	милорд	милорд	s	5.9	0.0	0.0	23.5	10.4	0.7	0.0	
11711  	минутный	минутный	a	5.9	7.6	9.7	7.3	5.9	4.8	5.8	
11712  	мойка	мойка	s	5.9	2.8	4.9	5.8	13.3	4.4	5.3	
11713  	мычать	мычать	v	5.9	9.8	15.7	11.6	5.9	4.4	2.3	
11714  	нависать	нависать	v	5.9	9.0	9.2	10.9	0.0	2.2	3.6	
11715  	наезд	наезд	s	5.9	1.9	2.0	6.0	8.9	2.2	9.8	
11716  	наклон	наклон	s	5.9	5.0	5.1	4.8	3.0	0.7	5.8	
11717  	наркомания	наркомания	s	5.9	0.9	0.8	1.2	0.0	1.8	11.0	
11718  	немногое	немногое	spro	5.9	3.7	3.6	5.2	1.5	10.3	7.2	
11719  	неопределенно	неопределенно	adv	5.9	13.7	11.4	11.3	1.5	5.5	2.2	
11720  	неотложный	неотложный	a	5.9	5.1	3.7	5.4	13.3	9.9	6.2	
11721  	неприкосновенность	неприкосновенность	s	5.9	2.7	2.7	3.5	1.5	6.2	8.9	
11722  	неразумный	неразумный	a	5.9	6.7	7.3	7.5	4.5	7.7	5.3	
11723  	неуверенность	неуверенность	s	5.9	6.4	7.9	5.0	3.0	8.8	6.3	
11724  	нибудь	нибудь	part	5.9	16.7	0.0	7.8	0.0	0.0	3.2	
11725  	носик	носик	s	5.9	9.9	9.1	10.1	4.5	4.4	3.5	
11726  	образный	образный	a	5.9	1.2	2.3	1.4	10.4	8.4	6.0	
11727  	обрасти	обрасти	v	5.9	11.2	10.2	8.5	7.4	7.0	4.5	
11728  	обусловливать	обусловливать	v	5.9	1.2	0.0	0.0	0.0	1.5	2.0	
11729  	обустройство	обустройство	s	5.9	0.0	0.0	1.5	0.0	0.7	10.9	
11730  	оглушительный	оглушительный	a	5.9	8.2	7.0	10.2	3.0	7.0	5.2	
11731  	одевать	одевать	v	5.9	6.2	5.0	6.8	8.9	6.2	4.5	
11732  	олицетворять	олицетворять	v	5.9	2.1	2.2	3.5	4.5	13.6	8.8	
11733  	осадки	осадки	s	5.9	1.4	3.8	1.3	1.5	4.4	5.6	
11734  	отмахиваться	отмахиваться	v	5.9	13.1	8.9	9.2	10.4	6.6	4.2	
11735  	отскочить	отскочить	v	5.9	13.5	16.4	10.9	4.5	2.6	2.2	
11736  	пелена	пелена	s	5.9	8.9	11.5	10.6	4.5	5.9	2.8	
11737  	переместиться	переместиться	v	5.9	4.1	5.8	7.9	0.0	2.6	6.5	
11738  	перерасти	перерасти	v	5.9	2.1	2.9	4.1	3.0	5.9	7.7	
11739  	переселение	переселение	s	5.9	2.8	3.2	4.0	0.0	10.3	8.0	
11740  	поди	поди	adv	5.9	17.0	21.4	9.5	3.0	0.7	1.6	
11741  	подставка	подставка	s	5.9	7.4	4.5	6.2	5.9	3.7	5.2	
11742  	поклоняться	поклоняться	v	5.9	2.5	5.2	4.3	1.5	4.8	4.5	
11743  	покрасить	покрасить	v	5.9	8.3	5.6	7.5	8.9	3.7	4.9	
11744  	полочка	полочка	s	5.9	6.0	8.1	7.3	3.0	4.8	5.3	
11745  	помирать	помирать	v	5.9	13.3	13.7	10.6	0.0	4.8	2.7	
11746  	порча	порча	s	5.9	5.3	2.9	6.2	1.5	4.8	4.4	
11747  	потертый	потертый	a	5.9	8.3	17.9	9.5	7.4	6.6	3.4	
11748  	похоронный	похоронный	a	5.9	9.4	10.0	8.1	8.9	6.2	5.3	
11749  	привилегированный	привилегированный	a	5.9	3.2	2.0	2.0	5.9	9.5	7.9	
11750  	пригород	пригород	s	5.9	2.3	5.0	6.2	7.4	6.6	8.1	
11751  	приковать	приковать	v	5.9	6.9	5.5	9.0	8.9	8.8	5.6	
11752  	прилетать	прилетать	v	5.9	4.4	8.4	8.0	8.9	8.1	6.2	
11753  	примечательно	примечательно	adv	5.9	0.3	1.9	0.9	10.4	4.4	10.2	
11754  	пришить	пришить	v	5.9	12.6	10.1	9.5	4.5	5.5	3.8	
11755  	пронзить	пронзить	v	5.9	6.9	8.8	13.0	5.9	5.9	2.5	
11756  	путаница	путаница	s	5.9	9.2	6.7	6.6	13.3	8.4	5.0	
11757  	работница	работница	s	5.9	4.4	9.7	5.1	25.2	40.7	4.4	
11758  	разворот	разворот	s	5.9	4.2	5.2	6.3	0.0	5.9	6.2	
11759  	раса	раса	s	5.9	12.8	3.3	3.2	14.8	3.3	6.8	
11760  	рыдание	рыдание	s	5.9	9.8	13.3	10.1	10.4	4.8	3.5	
11761  	свинина	свинина	s	5.9	2.7	2.7	5.2	11.9	1.8	5.5	
11762  	сенсационный	сенсационный	a	5.9	1.4	2.7	1.9	11.9	7.3	11.6	
11763  	скрипучий	скрипучий	a	5.9	13.7	12.5	12.4	10.4	2.9	2.0	
11764  	снабжать	снабжать	v	5.9	7.3	4.6	4.2	13.3	13.9	7.4	
11765  	стечение	стечение	s	5.9	4.1	5.0	5.6	8.9	3.3	8.2	
11766  	субстанция	субстанция	s	5.9	0.5	3.2	4.9	3.0	2.6	4.0	
11767  	тракторист	тракторист	s	5.9	24.1	11.0	4.9	44.5	15.4	3.2	
11768  	уезд	уезд	s	5.9	3.0	4.7	2.2	7.4	12.5	8.1	
11769  	улучшиться	улучшиться	v	5.9	3.2	2.8	2.9	13.3	8.1	9.1	
11770  	управа	управа	s	5.9	3.2	4.7	3.2	1.5	2.2	10.4	
11771  	уставить	уставить	v	5.9	11.7	11.0	10.7	10.4	8.1	3.3	
11772  	устояться	устояться	v	5.9	3.0	4.0	3.6	1.5	6.6	7.7	
11773  	формальность	формальность	s	5.9	5.1	5.8	6.6	3.0	8.8	6.6	
11774  	хвостик	хвостик	s	5.9	8.0	9.7	10.4	3.0	5.5	3.7	
11775  	хорек	хорек	s	5.9	1.4	13.6	17.1	0.0	1.8	1.1	
11776  	цениться	цениться	v	5.9	5.0	6.3	3.5	7.4	9.5	7.6	
11777  	цинизм	цинизм	s	5.9	3.9	3.8	6.2	7.4	6.2	7.8	
11778  	цистерна	цистерна	s	5.9	6.2	4.5	7.3	8.9	3.3	4.8	
11779  	шелестеть	шелестеть	v	5.9	15.1	12.9	11.7	4.5	2.6	2.2	
11780  	шестеро	шестеро	num	5.9	7.3	6.0	6.7	4.5	7.3	7.5	
11781  	штрих	штрих	s	5.9	1.8	4.2	4.0	8.9	9.2	8.8	
11782  	эгоизм	эгоизм	s	5.9	5.7	5.1	5.5	5.9	7.3	6.9	
11783  	яркость	яркость	s	5.9	4.2	2.8	3.3	11.9	6.2	4.7	
11784  	абориген	абориген	s	5.8	1.4	5.8	5.9	118.6	2.9	6.3	
11785  	азартный	азартный	a	5.8	3.0	5.0	6.0	4.5	8.4	8.1	
11786  	алкоголизм	алкоголизм	s	5.8	1.2	3.1	4.2	5.9	2.6	8.5	
11787  	алфавит	алфавит	s	5.8	2.3	2.8	3.9	16.3	2.6	6.7	
11788  	арестант	арестант	s	5.8	20.0	6.8	4.3	5.9	69.7	1.9	
11789  	арестованный	арестованный	s	5.8	7.4	6.7	3.8	3.0	30.8	6.7	
11790  	атаман	атаман	s	5.8	6.2	12.4	4.9	1.5	2.9	6.1	
11791  	атлас	атлас	s	5.8	3.5	1.4	4.4	10.4	3.3	4.9	
11792  	баловать	баловать	v	5.8	6.9	8.1	7.6	10.4	9.5	5.5	
11793  	бутик	бутик	s	5.8	0.0	0.0	3.5	0.0	0.0	11.1	
11794  	вакансия	вакансия	s	5.8	1.2	1.3	3.0	0.0	7.0	8.4	
11795  	вглядеться	вглядеться	v	5.8	6.6	10.4	9.6	3.0	4.4	2.6	
11796  	виток	виток	s	5.8	4.8	3.6	4.5	1.5	4.8	7.5	
11797  	воздержаться	воздержаться	v	5.8	3.4	6.7	4.3	5.9	4.8	7.2	
11798  	волочить	волочить	v	5.8	19.5	12.4	9.5	0.0	7.0	2.3	
11799  	волочь	волочь	v	5.8	8.9	12.8	12.4	0.0	7.3	2.4	
11800  	воплощать	воплощать	v	5.8	1.6	1.1	2.0	3.0	12.1	7.8	
11801  	воровской	воровской	a	5.8	3.5	4.0	11.5	4.5	5.9	5.5	
11802  	воспроизведение	воспроизведение	s	5.8	1.9	1.3	1.0	17.8	4.4	3.9	
11803  	восстанавливаться	восстанавливаться	v	5.8	2.1	1.9	2.3	0.0	7.3	6.8	
11804  	впечатляющий	впечатляющий	a	5.8	0.0	2.0	2.5	1.5	5.9	10.3	
11805  	вылиться	вылиться	v	5.8	1.1	2.6	4.7	10.4	8.1	8.4	
11806  	вымереть	вымереть	v	5.8	9.9	10.6	8.2	4.5	7.7	3.9	
11807  	градостроительный	градостроительный	a	5.8	0.0	0.0	0.0	0.0	2.2	11.8	
11808  	деградация	деградация	s	5.8	1.4	0.9	1.6	0.0	1.5	9.2	
11809  	детище	детище	s	5.8	2.5	2.2	3.8	7.4	5.5	9.8	
11810  	диагностический	диагностический	a	5.8	0.0	0.0	0.0	1.5	0.7	2.7	
11811  	диспетчер	диспетчер	s	5.8	8.3	6.4	5.1	10.4	1.8	6.7	
11812  	добродушно	добродушно	adv	5.8	19.7	11.8	9.8	3.0	9.2	2.2	
11813  	договорной	договорной	a	5.8	0.3	0.5	0.7	4.5	3.7	6.6	
11814  	долететь	долететь	v	5.8	8.5	8.7	9.7	3.0	3.3	5.0	
11815  	дурь	дурь	s	5.8	2.8	6.3	13.4	0.0	1.1	3.8	
11816  	жизнерадостный	жизнерадостный	a	5.8	5.1	4.5	5.1	17.8	16.1	7.0	
11817  	завещать	завещать	v	5.8	2.1	4.7	7.5	16.3	4.0	6.5	
11818  	завыть	завыть	v	5.8	12.9	14.3	13.1	3.0	1.8	1.2	
11819  	запнуться	запнуться	v	5.8	11.2	13.2	14.8	3.0	1.1	0.9	
11820  	застава	застава	s	5.8	7.1	4.6	9.3	7.4	4.4	6.0	
11821  	знаковый	знаковый	a	5.8	0.0	0.0	1.9	0.0	1.1	9.2	
11822  	идентифицировать	идентифицировать	v	5.8	0.0	0.5	2.2	0.0	1.1	4.4	
11823  	изобретать	изобретать	v	5.8	7.8	5.4	4.8	5.9	9.2	7.0	
11824  	иссякнуть	иссякнуть	v	5.8	3.9	7.5	9.7	5.9	8.8	5.0	
11825  	исчерпывающий	исчерпывающий	a	5.8	2.1	2.8	2.3	8.9	4.8	6.1	
11826  	канализация	канализация	s	5.8	1.6	4.0	4.2	3.0	7.3	8.1	
11827  	кобыла	кобыла	s	5.8	7.8	17.3	11.0	3.0	7.7	2.2	
11828  	коллективизация	коллективизация	s	5.8	7.3	6.4	2.8	5.9	13.6	7.0	
11829  	конфискация	конфискация	s	5.8	0.9	1.9	1.6	5.9	6.2	4.9	
11830  	корректный	корректный	a	5.8	2.7	4.1	2.9	0.0	3.7	7.0	
11831  	курортный	курортный	a	5.8	2.8	5.8	5.7	14.8	6.2	7.2	
11832  	лавра	лавра	s	5.8	1.6	6.5	3.2	1.5	3.3	6.5	
11833  	ледовый	ледовый	a	5.8	0.0	9.1	3.2	19.3	22.4	7.7	
11834  	литовский	литовский	a	5.8	0.9	2.4	2.2	14.8	6.6	10.4	
11835  	литровый	литровый	a	5.8	0.9	1.8	3.8	0.0	0.7	11.3	
11836  	лучше	лучше	adv	5.8	26.2	14.4	6.2	7.4	0.0	1.6	
11837  	мыльный	мыльный	a	5.8	9.9	4.7	8.0	0.0	3.3	5.2	
11838  	мятеж	мятеж	s	5.8	2.5	3.1	5.2	4.5	10.3	7.8	
11839  	набираться	набираться	v	5.8	5.0	7.7	7.0	4.5	8.4	6.4	
11840  	наполниться	наполниться	v	5.8	10.5	7.8	11.3	10.4	2.9	3.4	
11841  	напрячь	напрячь	v	5.8	8.2	6.9	8.6	1.5	3.7	5.2	
11842  	насыпать	насыпать	v	5.8	13.1	8.4	8.4	0.0	7.0	3.5	
11843  	невзирая	невзирая	adv	5.8	3.7	4.2	6.6	4.5	2.9	7.1	
11844  	оборонительный	оборонительный	a	5.8	5.3	3.2	1.1	10.4	11.4	8.6	
11845  	обронить	обронить	v	5.8	6.9	10.0	10.7	4.5	5.5	4.3	
11846  	общенациональный	общенациональный	a	5.8	0.0	0.0	0.6	0.0	1.8	12.7	
11847  	озадачить	озадачить	v	5.8	7.1	8.8	8.2	10.4	5.1	5.2	
11848  	оный	оный	apro	5.8	2.1	2.7	4.5	4.5	2.6	8.0	
11849  	отлететь	отлететь	v	5.8	7.8	13.4	13.1	5.9	0.7	2.2	
11850  	отозвать	отозвать	v	5.8	7.1	5.0	3.7	3.0	9.5	7.6	
11851  	охапка	охапка	s	5.8	14.0	12.4	11.7	1.5	2.2	2.2	
11852  	парламентарий	парламентарий	s	5.8	0.0	0.0	0.9	3.0	1.5	13.6	
11853  	пароль	пароль	s	5.8	7.6	4.2	10.4	1.5	2.9	4.6	
11854  	передняя	передняя	s	5.8	21.4	11.1	5.0	13.3	10.6	3.4	
11855  	перекинуть	перекинуть	v	5.8	12.6	11.5	9.7	4.5	2.9	2.6	
11856  	переписывать	переписывать	v	5.8	4.1	7.3	5.9	5.9	8.1	6.5	
11857  	переправа	переправа	s	5.8	15.6	13.4	4.4	3.0	11.4	4.7	
11858  	периметр	периметр	s	5.8	0.7	2.2	6.2	1.5	0.0	6.8	
11859  	писательница	писательница	s	5.8	0.7	1.4	7.1	5.9	7.0	8.8	
11860  	питомник	питомник	s	5.8	3.2	1.4	1.7	16.3	2.6	4.8	
11861  	повеситься	повеситься	v	5.8	6.0	8.2	12.0	7.4	4.8	3.5	
11862  	подбрасывать	подбрасывать	v	5.8	8.7	11.0	8.8	4.5	9.2	4.5	
11863  	подле	подле	pr	5.8	8.9	11.2	11.2	1.5	7.0	2.9	
11864  	подчеркиваться	подчеркиваться	v	5.8	0.9	0.0	1.1	11.9	5.9	7.0	
11865  	полковой	полковой	a	5.8	13.8	9.5	7.3	3.0	7.0	3.4	
11866  	походный	походный	a	5.8	6.4	8.1	6.6	10.4	6.6	4.4	
11867  	премудрость	премудрость	s	5.8	2.7	2.6	4.4	5.9	4.0	4.7	
11868  	пренебрежение	пренебрежение	s	5.8	6.2	5.2	4.2	4.5	9.2	7.3	
11869  	примириться	примириться	v	5.8	10.8	9.2	4.8	17.8	10.3	4.5	
11870  	присмотр	присмотр	s	5.8	3.0	5.0	8.7	7.4	4.0	5.6	
11871  	простираться	простираться	v	5.8	7.4	5.6	5.9	7.4	6.2	4.2	
11872  	проходная	проходная	s	5.8	6.6	8.6	10.2	3.0	9.2	4.6	
11873  	пятнадцатый	пятнадцатый	anum	5.8	14.4	9.1	9.6	7.4	4.4	3.4	
11874  	разумно	разумно	adv	5.8	5.7	4.1	5.5	3.0	9.9	6.1	
11875  	растопырить	растопырить	v	5.8	13.8	14.1	12.3	1.5	2.2	1.6	
11876  	рекордный	рекордный	a	5.8	0.0	1.4	1.1	11.9	6.6	12.1	
11877  	ругань	ругань	s	5.8	14.7	12.0	7.3	5.9	13.2	3.7	
11878  	священнослужитель	священнослужитель	s	5.8	0.0	1.5	1.7	0.0	1.8	10.0	
11879  	сигнализация	сигнализация	s	5.8	2.1	2.2	6.3	1.5	1.8	5.9	
11880  	сквозняк	сквозняк	s	5.8	5.1	8.6	12.2	5.9	1.8	3.8	
11881  	сковорода	сковорода	s	5.8	6.6	5.9	8.1	0.0	4.4	4.6	
11882  	слабеть	слабеть	v	5.8	7.3	10.4	9.1	5.9	10.3	3.8	
11883  	слетать	слетать	v	5.8	9.4	5.5	9.4	1.5	4.4	5.4	
11884  	смешок	смешок	s	5.8	17.2	13.8	10.9	5.9	5.9	1.6	
11885  	смять	смять	v	5.8	15.9	14.3	10.5	7.4	3.7	1.9	
11886  	согражданин	согражданин	s	5.8	0.7	2.3	3.9	0.0	2.6	11.0	
11887  	сопутствовать	сопутствовать	v	5.8	6.0	2.8	3.0	11.9	9.5	7.0	
11888  	сорока	сорока	s	5.8	5.3	12.3	13.0	4.5	7.3	2.0	
11889  	соскочить	соскочить	v	5.8	17.0	13.1	10.9	7.4	2.6	2.1	
11890  	сосок	сосок	s	5.8	3.7	6.0	12.4	0.0	2.6	1.8	
11891  	стукач	стукач	s	5.8	5.0	4.9	10.0	0.0	20.5	5.3	
11892  	сцепление	сцепление	s	5.8	3.7	2.9	2.8	4.5	1.8	8.1	
11893  	так	так	part	5.8	33.3	17.0	5.8	1.5	2.2	1.3	
11894  	трата	трата	s	5.8	2.1	4.0	4.5	1.5	4.8	9.0	
11895  	ужаснуться	ужаснуться	v	5.8	7.1	10.7	10.5	3.0	7.3	3.5	
11896  	узенький	узенький	a	5.8	15.6	11.5	8.6	8.9	5.9	3.6	
11897  	ушко	ушко	s	5.8	6.6	7.2	10.7	1.5	3.7	3.8	
11898  	фазовый	фазовый	a	5.8	0.0	0.0	0.0	0.0	0.0	0.0	
11899  	фанера	фанера	s	5.8	8.7	7.4	7.7	5.9	10.3	5.2	
11900  	фиксироваться	фиксироваться	v	5.8	0.3	1.0	1.3	0.0	2.2	5.5	
11901  	флейта	флейта	s	5.8	5.8	7.7	8.8	5.9	4.0	6.0	
11902  	хмуриться	хмуриться	v	5.8	22.5	15.9	9.5	4.5	4.0	1.6	
11903  	хозяйствовать	хозяйствовать	v	5.8	1.1	0.9	0.0	4.5	3.7	6.9	
11904  	цепкий	цепкий	a	5.8	9.8	10.2	11.6	4.5	3.7	3.5	
11905  	чрезмерно	чрезмерно	adv	5.8	4.2	5.5	4.6	4.5	6.6	7.0	
11906  	шершавый	шершавый	a	5.8	12.9	11.2	12.3	5.9	2.6	2.0	
11907  	шлепать	шлепать	v	5.8	17.4	14.3	9.6	5.9	3.7	1.8	
11908  	шлюпка	шлюпка	s	5.8	12.4	9.2	4.7	14.8	2.2	1.6	
11909  	явка	явка	s	5.8	6.4	2.6	4.0	3.0	2.9	7.0	
11910  	ямка	ямка	s	5.8	9.4	9.1	6.5	13.3	3.3	1.3	
11911  	архипелаг	архипелаг	s	5.7	0.7	2.9	2.2	4.5	31.6	8.4	
11912  	астрономический	астрономический	a	5.7	3.2	2.6	2.4	10.4	16.5	5.5	
11913  	бессознательный	бессознательный	a	5.7	3.9	1.9	3.9	1.5	6.6	4.4	
11914  	благословенный	благословенный	a	5.7	5.5	6.1	6.5	5.9	5.9	5.1	
11915  	борозда	борозда	s	5.7	7.8	5.2	4.1	7.4	4.4	1.8	
11916  	булат	булат	s	5.7	0.0	2.3	1.4	1.5	0.7	12.9	
11917  	буржуазия	буржуазия	s	5.7	1.9	4.7	2.7	13.3	18.3	7.1	
11918  	бурлить	бурлить	v	5.7	6.2	6.7	9.1	7.4	5.5	5.4	
11919  	впору	впору	adv	5.7	4.4	5.9	8.5	3.0	6.6	6.0	
11920  	врасплох	врасплох	adv	5.7	6.6	8.9	9.5	5.9	6.2	4.6	
11921  	вслед	вслед	pr	5.7	16.1	10.5	9.7	0.0	2.6	2.5	
11922  	всплеснуть	всплеснуть	v	5.7	19.0	13.3	11.8	4.5	1.5	1.1	
11923  	вымысел	вымысел	s	5.7	2.7	4.3	4.1	4.5	7.7	7.9	
11924  	высотный	высотный	a	5.7	2.8	2.7	2.9	10.4	6.2	9.2	
11925  	вязкий	вязкий	a	5.7	5.8	7.0	9.7	4.5	1.5	3.2	
11926  	генсек	генсек	s	5.7	1.1	1.0	2.6	0.0	11.7	11.6	
11927  	гонение	гонение	s	5.7	0.9	1.3	2.1	5.9	12.5	8.3	
11928  	грести	грести	v	5.7	19.0	10.6	9.8	3.0	4.0	2.7	
11929  	грузный	грузный	a	5.7	13.1	12.0	9.5	7.4	11.0	3.1	
11930  	гулко	гулко	adv	5.7	15.6	13.2	12.5	3.0	1.8	1.2	
11931  	джазовый	джазовый	a	5.7	2.5	1.5	1.8	0.0	16.5	11.6	
11932  	дождик	дождик	s	5.7	15.1	13.6	8.2	4.5	3.3	3.3	
11933  	дозвониться	дозвониться	v	5.7	1.6	5.1	11.1	4.5	1.5	5.3	
11934  	доселе	доселе	advpro	5.7	3.4	6.7	7.1	3.0	4.8	6.8	
11935  	доступность	доступность	s	5.7	0.0	0.8	1.1	1.5	3.7	6.2	
11936  	дьявольский	дьявольский	a	5.7	5.7	5.8	7.0	14.8	5.1	6.5	
11937  	едкий	едкий	a	5.7	10.5	8.6	9.2	8.9	4.8	4.2	
11938  	еловый	еловый	a	5.7	17.9	7.8	8.5	10.4	3.7	2.6	
11939  	желтоватый	желтоватый	a	5.7	15.1	7.9	10.8	5.9	4.0	2.1	
11940  	жертвовать	жертвовать	v	5.7	6.9	6.3	5.6	5.9	6.2	6.6	
11941  	заграница	заграница	s	5.7	4.6	4.0	5.8	10.4	5.1	8.0	
11942  	зампред	зампред	s	5.7	0.5	0.5	0.6	0.0	4.0	13.6	
11943  	запорожец	запорожец	s	5.7	1.6	6.3	7.1	4.5	4.4	5.7	
11944  	зародыш	зародыш	s	5.7	1.6	2.7	4.1	3.0	2.2	3.9	
11945  	заслонить	заслонить	v	5.7	17.2	11.1	8.0	5.9	6.2	3.0	
11946  	заурядный	заурядный	a	5.7	3.9	8.6	7.6	10.4	3.7	5.8	
11947  	издавна	издавна	adv	5.7	5.3	4.1	3.3	7.4	17.6	6.3	
11948  	иммунизация	иммунизация	s	5.7	0.7	0.0	0.0	0.0	0.0	0.0	
11949  	инициативный	инициативный	a	5.7	1.1	1.7	1.1	4.5	6.2	8.8	
11950  	испытательный	испытательный	a	5.7	1.9	1.5	1.5	3.0	1.8	9.1	
11951  	кладка	кладка	s	5.7	6.0	2.7	6.6	13.3	9.2	5.2	
11952  	колючка	колючка	s	5.7	7.6	8.4	8.8	0.0	5.1	2.6	
11953  	корочка	корочка	s	5.7	7.3	7.9	7.8	1.5	5.9	5.1	
11954  	куб	куб	s	5.7	3.4	3.7	3.6	8.9	6.2	4.2	
11955  	кушетка	кушетка	s	5.7	8.3	11.0	12.7	10.4	7.0	2.1	
11956  	летательный	летательный	a	5.7	2.8	1.7	3.4	0.0	0.0	8.2	
11957  	лживый	лживый	a	5.7	6.6	6.8	7.1	8.9	7.7	6.0	
11958  	либерализация	либерализация	s	5.7	0.0	0.0	0.0	0.0	2.2	10.3	
11959  	маленько	маленько	adv	5.7	17.7	26.2	6.2	1.5	1.5	1.3	
11960  	материально-технический	материально-технический	a	5.7	0.0	0.8	0.0	3.0	6.6	7.4	
11961  	мерить	мерить	v	5.7	9.2	5.6	8.7	16.3	9.5	3.5	
11962  	метафизический	метафизический	a	5.7	0.0	1.0	4.3	3.0	2.6	6.5	
11963  	метровый	метровый	a	5.7	1.8	1.4	2.8	5.9	5.9	9.0	
11964  	молитвенный	молитвенный	a	5.7	3.2	1.0	3.1	17.8	1.1	5.0	
11965  	монгол	монгол	s	5.7	1.4	22.0	7.7	1.5	2.2	3.5	
11966  	мягкость	мягкость	s	5.7	6.2	5.4	5.0	16.3	7.7	5.2	
11967  	навязчивый	навязчивый	a	5.7	3.4	5.4	7.9	8.9	4.0	5.6	
11968  	наименьший	наименьший	a	5.7	1.4	1.4	1.4	4.5	4.0	3.9	
11969  	накопительный	накопительный	a	5.7	0.0	0.0	0.0	0.0	0.0	12.7	
11970  	нанимать	нанимать	v	5.7	3.9	4.5	7.3	8.9	5.1	6.7	
11971  	наперед	наперед	adv	5.7	6.9	14.6	8.2	5.9	2.9	3.8	
11972  	наполняться	наполняться	v	5.7	8.0	5.0	8.1	7.4	8.1	4.3	
11973  	настраивать	настраивать	v	5.7	5.5	3.7	4.2	5.9	7.0	6.5	
11974  	негромкий	негромкий	a	5.7	13.5	9.7	11.6	1.5	3.7	3.0	
11975  	непредвиденный	непредвиденный	a	5.7	6.0	5.6	5.4	5.9	8.4	5.9	
11976  	неудовольствие	неудовольствие	s	5.7	6.4	12.7	7.7	1.5	6.2	4.9	
11977  	нотка	нотка	s	5.7	8.2	5.9	10.2	10.4	6.2	4.1	
11978  	обозвать	обозвать	v	5.7	5.7	8.1	8.3	5.9	3.3	5.5	
11979  	огорчать	огорчать	v	5.7	6.7	9.1	6.1	11.9	6.6	5.9	
11980  	ограждение	ограждение	s	5.7	2.7	3.1	5.4	0.0	3.7	6.4	
11981  	одолжить	одолжить	v	5.7	8.0	7.7	9.8	3.0	3.3	4.5	
11982  	окаменеть	окаменеть	v	5.7	10.3	13.2	10.6	5.9	2.6	2.7	
11983  	опешить	опешить	v	5.7	9.2	9.6	11.9	4.5	3.7	3.2	
11984  	опознать	опознать	v	5.7	3.5	4.2	10.0	3.0	2.6	5.5	
11985  	опубликование	опубликование	s	5.7	0.0	1.4	0.0	17.8	4.4	6.3	
11986  	осознанный	осознанный	a	5.7	1.6	1.9	2.4	4.5	8.4	6.8	
11987  	остывать	остывать	v	5.7	8.9	11.6	9.7	4.5	7.0	3.8	
11988  	отблеск	отблеск	s	5.7	13.5	10.5	7.6	3.0	6.2	3.6	
11989  	отдышаться	отдышаться	v	5.7	14.5	13.4	10.2	0.0	7.3	2.3	
11990  	отчаяться	отчаяться	v	5.7	6.0	6.9	7.7	5.9	4.0	5.8	
11991  	офисный	офисный	a	5.7	0.0	0.0	3.0	0.0	0.0	10.6	
11992  	первоочередной	первоочередной	a	5.7	1.8	0.9	0.8	3.0	2.6	8.0	
11993  	переворачивать	переворачивать	v	5.7	6.9	8.1	8.9	1.5	2.9	4.2	
11994  	перелет	перелет	s	5.7	2.3	3.3	5.1	11.9	6.6	8.3	
11995  	переполненный	переполненный	a	5.7	4.4	5.4	8.5	4.5	8.4	6.0	
11996  	побелеть	побелеть	v	5.7	17.0	12.9	10.2	7.4	6.6	2.0	
11997  	побудить	побудить	v	5.7	2.7	2.9	1.8	7.4	7.7	8.6	
11998  	подопечный	подопечный	s	5.7	2.3	1.7	5.9	1.5	5.5	8.2	
11999  	подрастать	подрастать	v	5.7	2.3	3.5	4.7	5.9	4.8	7.5	
12000  	подростковый	подростковый	a	5.7	0.5	0.9	5.8	0.0	1.8	5.2	
