3080  	приезд	приезд	s	35.7	32.6	28.9	32.9	71.2	79.2	47.7	
3081  	пробовать	пробовать	v	35.7	58.0	49.0	44.3	31.1	37.4	25.9	
3082  	стучать	стучать	v	35.7	82.2	76.6	63.1	19.3	26.4	17.9	
3083  	сумасшедший	сумасшедший	a	35.7	41.6	49.0	70.1	19.3	23.9	26.0	
3084  	устойчивый	устойчивый	a	35.7	11.0	8.2	7.4	10.4	11.7	40.9	
3085  	экспедиция	экспедиция	s	35.7	62.0	27.6	16.2	91.9	75.2	48.6	
3086  	аспект	аспект	s	35.6	3.2	2.9	3.7	3.0	9.5	36.1	
3087  	вчерашний	вчерашний	a	35.6	49.3	60.9	52.7	19.3	36.7	30.4	
3088  	еле	еле	adv	35.6	72.8	63.3	61.6	34.1	42.2	20.0	
3089  	интеллигенция	интеллигенция	s	35.6	11.0	16.8	17.6	62.3	89.1	58.3	
3090  	коммунистический	коммунистический	a	35.6	19.9	8.1	14.2	426.9	64.6	54.3	
3091  	независимо	независимо	adv	35.6	12.1	14.3	13.3	14.8	32.6	37.6	
3092  	окончательный	окончательный	a	35.6	14.2	16.6	21.3	11.9	24.9	47.6	
3093  	противоречие	противоречие	s	35.6	19.5	12.4	9.4	29.6	35.2	41.9	
3094  	взаимный	взаимный	a	35.5	7.8	15.0	17.2	29.6	37.4	38.7	
3095  	военный	военный	s	35.5	36.3	23.9	19.4	26.7	55.0	60.3	
3096  	выставить	выставить	v	35.5	44.8	38.0	47.3	32.6	25.3	38.2	
3097  	напечатать	напечатать	v	35.5	24.5	33.5	22.7	189.8	73.4	50.1	
3098  	преступник	преступник	s	35.5	33.5	28.5	40.1	14.8	30.8	45.6	
3099  	прикрыть	прикрыть	v	35.5	77.5	66.4	68.3	28.2	22.0	16.9	
3100  	пускать	пускать	v	35.5	43.2	56.3	54.0	37.1	41.1	28.9	
3101  	развитой	развитой	a	35.5	7.6	7.3	7.8	13.3	25.3	46.9	
3102  	сиять	сиять	v	35.5	58.1	58.8	63.6	38.5	22.7	19.1	
3103  	строение	строение	s	35.5	11.9	12.3	18.5	19.3	20.9	18.2	
3104  	ущерб	ущерб	s	35.5	7.3	6.1	11.1	7.4	29.0	50.2	
3105  	делиться	делиться	v	35.4	17.6	22.8	28.1	34.1	34.9	41.4	
3106  	идеология	идеология	s	35.4	7.6	4.5	8.1	25.2	30.8	61.1	
3107  	подросток	подросток	s	35.4	14.5	18.5	37.1	41.5	42.2	36.1	
3108  	правление	правление	s	35.4	16.1	22.4	14.0	112.7	23.1	58.5	
3109  	проживать	проживать	v	35.4	9.0	15.0	23.6	22.2	23.9	49.3	
3110  	чемпион	чемпион	s	35.4	5.7	13.2	6.1	35.6	29.0	72.7	
3111  	архив	архив	s	35.3	15.8	14.2	22.4	11.9	58.3	45.9	
3112  	вслух	вслух	adv	35.3	57.1	63.6	64.0	34.1	34.1	21.2	
3113  	дискуссия	дискуссия	s	35.3	11.2	13.8	9.6	16.3	43.3	55.5	
3114  	изобразить	изобразить	v	35.3	26.1	32.2	37.1	47.4	36.0	28.5	
3115  	изучить	изучить	v	35.3	25.4	17.9	18.3	22.2	41.8	31.0	
3116  	мягко	мягко	adv	35.3	64.3	48.6	57.5	17.8	22.4	27.7	
3117  	немножко	немножко	adv	35.3	69.7	73.2	37.8	26.7	27.1	23.0	
3118  	освобождение	освобождение	s	35.3	20.4	20.3	17.1	37.1	74.5	45.8	
3119  	подвести	подвести	v	35.3	39.2	39.4	38.1	41.5	33.8	41.5	
3120  	призвать	призвать	v	35.3	12.4	14.3	16.6	43.0	29.4	51.7	
3121  	производиться	производиться	v	35.3	6.9	4.9	4.2	26.7	19.8	33.4	
3122  	самостоятельно	самостоятельно	adv	35.3	9.9	12.2	15.9	34.1	28.2	50.8	
3123  	сооружение	сооружение	s	35.3	19.3	12.8	12.9	40.0	39.2	38.2	
3124  	достигать	достигать	v	35.2	15.8	14.7	11.7	25.2	25.7	35.5	
3125  	качественный	качественный	a	35.2	1.9	2.0	5.8	11.9	8.1	47.6	
3126  	копейка	копейка	s	35.2	48.7	56.1	41.8	14.8	43.6	34.9	
3127  	коротко	коротко	adv	35.2	59.0	57.0	62.5	19.3	30.4	19.5	
3128  	допускать	допускать	v	35.1	20.0	26.1	22.8	23.7	40.0	36.9	
3129  	нерв	нерв	s	35.1	39.9	45.5	37.8	28.2	30.4	25.2	
3130  	посылать	посылать	v	35.1	50.7	46.3	40.7	51.9	62.4	31.4	
3131  	приличный	приличный	a	35.1	23.4	35.8	53.6	20.8	29.0	38.1	
3132  	раствор	раствор	s	35.1	17.6	6.5	9.8	10.4	16.1	19.4	
3133  	туалет	туалет	s	35.1	9.9	28.6	65.5	3.0	28.2	33.3	
3134  	утратить	утратить	v	35.1	25.2	23.3	31.0	28.2	42.9	37.7	
3135  	хор	хор	s	35.1	25.5	40.4	33.7	66.7	44.8	43.4	
3136  	анекдот	анекдот	s	35.0	20.7	34.0	35.9	53.4	73.4	37.6	
3137  	захотеться	захотеться	v	35.0	58.0	63.4	58.6	31.1	25.3	21.6	
3138  	класть	класть	v	35.0	67.2	46.4	43.7	44.5	53.9	24.9	
3139  	несомненно	несомненно	adv	35.0	34.2	23.8	23.7	87.5	49.5	41.3	
3140  	слышно	слышно	adv	35.0	97.8	78.0	58.9	26.7	23.5	16.0	
3141  	сырье	сырье	s	35.0	3.5	4.1	3.2	20.8	31.2	43.0	
3142  	царский	царский	a	35.0	15.9	25.6	22.0	231.3	89.5	44.2	
3143  	численность	численность	s	35.0	2.8	2.9	2.9	4.5	15.8	44.6	
3144  	штаны	штаны	s	35.0	63.1	60.6	65.5	51.9	32.3	19.7	
3145  	возразить	возразить	v	34.9	78.3	56.1	65.6	22.2	28.2	18.7	
3146  	грозить	грозить	v	34.9	34.7	35.3	37.7	23.7	42.5	43.0	
3147  	железнодорожный	железнодорожный	a	34.9	24.6	36.7	22.9	60.8	44.4	42.3	
3148  	изо	изо	pr	34.9	67.3	65.0	59.4	31.1	28.6	19.3	
3149  	искренне	искренне	adv	34.9	32.3	36.5	44.9	31.1	40.0	38.6	
3150  	пленка	пленка	s	34.9	16.3	17.6	27.9	41.5	42.9	30.8	
3151  	подобрать	подобрать	v	34.9	49.1	45.8	42.7	14.8	35.2	30.6	
3152  	пребывание	пребывание	s	34.9	17.4	15.0	17.6	59.3	48.1	42.8	
3153  	репетиция	репетиция	s	34.9	9.0	15.2	15.5	50.4	168.0	60.7	
3154  	образовывать	образовывать	v	34.8	9.2	5.8	7.8	17.8	21.6	19.9	
3155  	отражение	отражение	s	34.8	17.9	17.5	29.5	31.1	22.0	26.9	
3156  	предполагаться	предполагаться	v	34.8	5.3	4.7	9.4	17.8	17.2	55.2	
3157  	проявлять	проявлять	v	34.8	22.7	23.0	19.9	56.3	66.0	42.3	
3158  	серебряный	серебряный	a	34.8	36.5	37.1	50.9	37.1	27.9	35.5	
3159  	удовлетворение	удовлетворение	s	34.8	21.3	16.2	19.9	32.6	29.7	27.2	
3160  	устанавливать	устанавливать	v	34.8	12.6	10.5	7.8	11.9	15.8	42.0	
3161  	экипаж	экипаж	s	34.8	43.2	53.0	17.1	13.3	38.1	48.8	
3162  	актуальный	актуальный	a	34.7	0.0	1.3	3.2	4.5	11.4	46.7	
3163  	водить	водить	v	34.7	34.0	46.0	66.0	46.0	29.7	24.2	
3164  	награда	награда	s	34.7	21.8	29.0	22.5	25.2	38.9	52.8	
3165  	непонятно	непонятно	adv	34.7	32.8	46.8	55.4	13.3	19.1	30.8	
3166  	поход	поход	s	34.7	25.9	46.3	41.3	59.3	60.9	33.4	
3167  	сплошной	сплошной	a	34.7	34.0	44.9	38.1	35.6	42.5	31.3	
3168  	выдающийся	выдающийся	a	34.6	17.0	16.8	12.4	66.7	44.8	54.2	
3169  	помолчать	помолчать	v	34.6	103.0	100.1	64.4	13.3	16.9	8.2	
3170  	украинский	украинский	a	34.6	17.7	39.5	11.9	20.8	59.8	56.6	
3171  	худой	худой	a	34.6	77.3	70.5	52.0	31.1	47.3	20.3	
3172  	газовый	газовый	a	34.5	12.4	9.3	14.0	8.9	17.2	39.2	
3173  	иностранец	иностранец	s	34.5	18.3	18.5	29.2	38.5	62.0	51.1	
3174  	морда	морда	s	34.5	48.4	66.6	77.9	16.3	18.0	12.6	
3175  	перо	перо	s	34.5	46.1	46.8	47.1	57.8	46.2	31.2	
3176  	претензия	претензия	s	34.5	7.1	19.4	21.5	7.4	30.1	54.6	
3177  	разумный	разумный	a	34.5	27.5	27.2	27.5	22.2	45.1	38.3	
3178  	россиянин	россиянин	s	34.5	0.0	1.1	4.1	0.0	9.2	78.7	
3179  	должностной	должностной	a	34.4	1.1	2.2	3.7	0.0	3.7	28.8	
3180  	постоять	постоять	v	34.4	90.2	86.8	61.1	20.8	15.0	13.3	
3181  	проза	проза	s	34.4	5.1	23.5	19.1	65.2	78.1	56.5	
3182  	сдавать	сдавать	v	34.4	27.1	29.2	31.5	34.1	44.0	39.7	
3183  	справа	справа	adv	34.4	56.4	52.4	53.9	37.1	31.9	22.4	
3184  	четверть	четверть	s	34.4	28.0	41.4	35.2	28.2	60.2	34.7	
3185  	архитектура	архитектура	s	34.3	9.4	10.7	7.3	34.1	36.0	43.4	
3186  	демонстрировать	демонстрировать	v	34.3	6.9	14.3	26.9	26.7	22.7	50.6	
3187  	любопытство	любопытство	s	34.3	62.9	56.4	57.4	41.5	41.5	22.3	
3188  	маска	маска	s	34.3	25.5	25.7	35.7	47.4	46.2	40.6	
3189  	опера	опера	s	34.3	6.2	18.9	20.4	140.8	62.0	60.1	
3190  	посидеть	посидеть	v	34.3	67.7	69.6	56.7	19.3	29.7	18.1	
3191  	распространить	распространить	v	34.3	9.0	6.9	6.8	22.2	27.5	43.7	
3192  	спускаться	спускаться	v	34.3	60.6	57.3	52.7	53.4	32.3	24.6	
3193  	благодарность	благодарность	s	34.2	33.1	33.8	34.8	56.3	39.2	34.4	
3194  	великолепный	великолепный	a	34.2	44.1	31.6	27.7	83.0	44.8	42.5	
3195  	госпиталь	госпиталь	s	34.2	93.8	44.5	28.9	11.9	31.9	38.9	
3196  	догадываться	догадываться	v	34.2	36.7	55.8	60.2	13.3	27.9	26.3	
3197  	изображать	изображать	v	34.2	28.7	37.9	40.4	63.7	63.1	31.9	
3198  	исключительно	исключительно	adv	34.2	10.5	11.9	22.5	57.8	21.6	48.1	
3199  	маршрут	маршрут	s	34.2	19.0	28.5	26.4	17.8	48.8	44.4	
3200  	незаметно	незаметно	adv	34.2	53.5	57.7	55.7	38.5	40.7	24.9	
3201  	сержант	сержант	s	34.2	67.5	54.7	63.7	5.9	27.5	22.2	
3202  	точно	точно	conj	34.2	93.8	65.1	55.9	35.6	24.6	17.1	
3203  	шляпа	шляпа	s	34.2	64.3	77.0	48.9	44.5	67.1	21.6	
3204  	экземпляр	экземпляр	s	34.2	18.8	20.3	18.7	29.6	39.2	36.6	
3205  	белье	белье	s	34.1	51.6	44.8	51.1	23.7	49.2	23.7	
3206  	бродить	бродить	v	34.1	49.1	52.4	63.3	44.5	31.2	23.3	
3207  	ведро	ведро	s	34.1	68.8	76.5	57.3	38.5	28.6	18.1	
3208  	возникновение	возникновение	s	34.1	4.4	3.2	3.6	7.4	11.7	28.9	
3209  	мастерская	мастерская	s	34.1	34.4	34.0	29.6	112.7	52.1	41.9	
3210  	невидимый	невидимый	a	34.1	47.5	43.9	61.0	40.0	16.5	22.3	
3211  	нормативный	нормативный	a	34.1	0.0	0.0	0.0	1.5	2.6	28.5	
3212  	офис	офис	s	34.1	0.0	1.1	45.2	4.5	1.1	48.6	
3213  	положенный	положенный	a	34.1	33.7	44.5	46.3	20.8	36.7	35.7	
3214  	по-настоящему	по-настоящему	adv	34.1	42.4	34.3	42.1	35.6	57.2	36.3	
3215  	седой	седой	a	34.1	68.8	65.2	59.8	37.1	47.0	19.3	
3216  	слабость	слабость	s	34.1	54.1	39.4	37.5	41.5	57.6	32.0	
3217  	ссылка	ссылка	s	34.1	11.0	9.8	17.1	50.4	81.4	37.9	
3218  	холодно	холодно	adv	34.1	70.5	58.3	56.9	23.7	33.0	19.7	
3219  	автомобильный	автомобильный	a	34.0	18.1	11.9	15.9	22.2	34.1	51.6	
3220  	быт	быт	s	34.0	17.2	16.0	19.1	99.3	98.7	44.5	
3221  	лампа	лампа	s	34.0	82.2	52.8	52.4	54.9	26.8	19.4	
3222  	опираться	опираться	v	34.0	35.6	20.9	18.9	38.5	36.0	34.3	
3223  	посоветовать	посоветовать	v	34.0	55.5	33.0	42.0	23.7	29.0	29.8	
3224  	разглядывать	разглядывать	v	34.0	77.3	65.0	71.0	28.2	26.8	12.5	
3225  	толк	толк	s	34.0	40.9	46.8	51.3	34.1	37.0	29.0	
3226  	убийца	убийца	s	34.0	30.8	27.0	68.9	28.2	31.6	27.9	
3227  	фантазия	фантазия	s	34.0	20.0	34.1	33.5	54.9	53.9	41.3	
3228  	вселенная	вселенная	s	33.9	24.6	21.4	27.2	28.2	22.0	23.2	
3229  	де	де	part	33.9	6.2	17.5	21.9	54.9	28.6	50.9	
3230  	задержать	задержать	v	33.9	46.6	36.5	30.7	16.3	31.6	42.6	
3231  	любитель	любитель	s	33.9	22.5	20.6	23.9	68.2	52.1	51.2	
3232  	малыш	малыш	s	33.9	61.7	36.6	31.7	32.6	34.9	28.9	
3233  	нарисовать	нарисовать	v	33.9	54.2	53.2	45.0	28.2	28.2	25.9	
3234  	одеть	одеть	v	33.9	46.1	42.2	54.2	57.8	48.8	26.3	
3235  	повышенный	повышенный	a	33.9	8.0	9.6	9.6	26.7	23.9	41.9	
3236  	призыв	призыв	s	33.9	12.9	13.2	15.7	40.0	37.8	56.2	
3237  	располагаться	располагаться	v	33.9	12.8	15.7	29.1	11.9	29.4	34.4	
3238  	справедливый	справедливый	a	33.9	22.1	27.1	26.0	46.0	42.9	39.2	
3239  	беседовать	беседовать	v	33.8	36.9	41.7	38.4	62.3	73.0	36.9	
3240  	гигантский	гигантский	a	33.8	66.5	35.2	28.3	43.0	34.5	38.7	
3241  	заболеть	заболеть	v	33.8	47.5	44.4	34.3	34.1	49.5	33.6	
3242  	конституционный	конституционный	a	33.8	0.5	1.0	2.0	1.5	4.4	42.7	
3243  	облик	облик	s	33.8	21.4	29.2	28.9	66.7	66.8	38.7	
3244  	подземный	подземный	a	33.8	22.9	13.6	27.6	13.3	22.7	38.3	
3245  	превратить	превратить	v	33.8	31.9	22.1	28.2	53.4	33.8	43.8	
3246  	преподаватель	преподаватель	s	33.8	15.9	17.5	20.4	35.6	52.8	44.4	
3247  	сайт	сайт	s	33.8	0.0	0.0	1.5	0.0	0.0	57.1	
3248  	слева	слева	adv	33.8	52.1	54.1	52.6	38.5	27.9	22.3	
3249  	горизонт	горизонт	s	33.7	47.9	45.4	38.6	46.0	27.9	25.6	
3250  	давний	давний	a	33.7	21.8	40.5	37.4	41.5	42.9	40.9	
3251  	дивизия	дивизия	s	33.7	117.7	35.7	16.7	23.7	47.7	40.9	
3252  	доверять	доверять	v	33.7	33.9	28.8	40.8	23.7	45.1	36.6	
3253  	изба	изба	s	33.7	149.6	81.6	38.6	41.5	26.4	16.0	
3254  	копия	копия	s	33.7	16.5	17.6	24.1	22.2	19.1	35.3	
3255  	налить	налить	v	33.7	64.0	73.0	68.8	11.9	10.3	11.8	
3256  	небесный	небесный	a	33.7	17.2	32.1	40.4	37.1	15.4	24.6	
3257  	отдохнуть	отдохнуть	v	33.7	59.7	56.0	43.1	20.8	34.1	27.0	
3258  	покачать	покачать	v	33.7	85.4	75.3	82.0	8.9	3.7	5.3	
3259  	регулирование	регулирование	s	33.7	1.2	0.0	0.0	3.0	2.9	37.3	
3260  	течь	течь	v	33.7	53.7	62.9	51.3	31.1	33.4	22.0	
3261  	вплоть	вплоть	adv	33.6	9.8	15.2	18.4	28.2	41.5	45.5	
3262  	гнать	гнать	v	33.6	70.0	64.7	57.2	23.7	31.9	19.1	
3263  	натура	натура	s	33.6	22.9	36.1	35.2	78.6	71.5	37.5	
3264  	нефтяной	нефтяной	a	33.6	5.1	3.5	8.3	28.2	20.5	65.5	
3265  	обусловить	обусловить	v	33.6	3.2	2.2	2.6	3.0	7.3	24.9	
3266  	голодный	голодный	a	33.5	59.7	47.2	43.1	38.5	55.4	28.0	
3267  	доступ	доступ	s	33.5	4.6	3.8	7.9	14.8	12.5	44.5	
3268  	законопроект	законопроект	s	33.5	0.3	0.6	0.6	4.5	4.4	81.1	
3269  	избирательный	избирательный	a	33.5	0.7	4.9	7.3	59.3	7.7	64.4	
3270  	компьютерный	компьютерный	a	33.5	0.0	0.0	15.8	0.0	0.7	44.6	
3271  	подвал	подвал	s	33.5	47.0	35.2	56.5	51.9	23.5	29.8	
3272  	порт	порт	s	33.5	33.0	40.5	17.6	46.0	48.4	45.3	
3273  	связывать	связывать	v	33.5	17.9	15.9	19.3	38.5	34.1	39.1	
3274  	уголь	уголь	s	33.5	28.5	28.1	24.9	31.1	53.9	34.2	
3275  	удивить	удивить	v	33.5	38.3	41.6	41.7	37.1	34.5	36.2	
3276  	укрепление	укрепление	s	33.5	9.6	10.4	5.0	53.4	43.3	46.1	
3277  	устав	устав	s	33.5	13.3	15.1	13.2	22.2	23.1	33.5	
3278  	философский	философский	a	33.5	11.0	11.5	12.9	17.8	31.6	34.5	
3279  	бассейн	бассейн	s	33.4	9.0	19.1	29.2	31.1	18.7	33.1	
3280  	биться	биться	v	33.4	53.0	53.8	53.7	48.9	34.5	24.7	
3281  	двойной	двойной	a	33.4	28.9	23.1	29.4	23.7	29.7	35.8	
3282  	здорово	здорово	adv	33.4	65.6	52.0	41.8	32.6	23.1	26.6	
3283  	инстанция	инстанция	s	33.4	6.4	10.4	8.4	8.9	16.1	28.2	
3284  	медведь	медведь	s	33.4	44.7	56.5	42.7	47.4	97.6	26.5	
3285  	нынче	нынче	adv	33.4	51.6	63.7	45.0	60.8	23.5	28.1	
3286  	отъезд	отъезд	s	33.4	37.8	34.9	38.8	48.9	64.9	37.5	
3287  	процессуальный	процессуальный	a	33.4	0.0	0.6	0.0	0.0	2.2	6.4	
3288  	тотчас	тотчас	adv	33.4	77.3	90.3	51.2	59.3	56.9	12.8	
3289  	архитектор	архитектор	s	33.3	14.2	6.9	10.3	26.7	33.8	55.7	
3290  	браться	браться	v	33.3	29.8	35.2	28.0	53.4	48.8	39.5	
3291  	космос	космос	s	33.3	35.3	23.3	21.4	89.0	33.0	41.1	
3292  	меч	меч	s	33.3	27.8	24.2	81.7	10.4	16.5	18.5	
3293  	охранник	охранник	s	33.3	25.2	9.2	87.8	5.9	17.6	23.3	
3294  	присесть	присесть	v	33.3	86.7	71.2	70.7	22.2	17.6	10.0	
3295  	психический	психический	a	33.3	25.4	6.7	10.0	1.5	9.9	16.5	
3296  	судно	судно	s	33.3	30.7	63.2	12.5	38.5	28.2	37.5	
3297  	тратить	тратить	v	33.3	25.7	26.5	32.1	31.1	42.9	43.5	
3298  	чашка	чашка	s	33.3	40.9	43.0	72.2	35.6	28.2	16.3	
3299  	разрушить	разрушить	v	33.2	24.5	25.4	25.8	23.7	41.5	43.9	
3300  	волновать	волновать	v	33.1	25.7	31.7	32.6	54.9	56.9	40.5	
3301  	воображение	воображение	s	33.1	34.0	41.8	39.6	44.5	51.4	29.1	
3302  	квартал	квартал	s	33.1	17.2	23.5	29.1	43.0	32.6	45.1	
3303  	курица	курица	s	33.1	44.3	57.9	56.4	31.1	24.9	19.2	
3304  	невольно	невольно	adv	33.1	50.9	50.5	46.0	28.2	47.0	27.9	
3305  	окружить	окружить	v	33.1	57.8	41.0	35.2	53.4	46.6	30.4	
3306  	плавать	плавать	v	33.1	55.3	67.0	41.8	47.4	34.9	24.1	
3307  	преобразование	преобразование	s	33.1	2.3	3.1	2.6	20.8	18.7	32.6	
3308  	развивать	развивать	v	33.1	13.8	12.4	9.7	17.8	35.6	41.2	
3309  	спасать	спасать	v	33.1	36.9	39.4	39.9	43.0	34.5	34.9	
3310  	топливо	топливо	s	33.1	5.8	7.2	6.1	14.8	19.1	49.0	
3311  	элита	элита	s	33.1	2.1	5.8	7.7	3.0	25.7	67.7	
3312  	ветвь	ветвь	s	33.0	43.6	27.4	25.1	19.3	16.9	21.8	
3313  	видеться	видеться	v	33.0	33.5	40.5	42.8	48.9	32.6	32.3	
3314  	возглавлять	возглавлять	v	33.0	6.7	6.7	9.7	47.4	41.8	63.7	
3315  	глобальный	глобальный	a	33.0	1.1	3.1	6.1	0.0	7.0	43.3	
3316  	девица	девица	s	33.0	31.2	50.5	78.4	43.0	24.2	15.1	
3317  	инвестор	инвестор	s	33.0	0.0	0.0	1.6	0.0	0.0	71.6	
3318  	инструкция	инструкция	s	33.0	24.5	14.7	16.4	16.3	39.6	30.1	
3319  	кнопка	кнопка	s	33.0	45.5	51.4	51.7	19.3	7.3	23.3	
3320  	обязать	обязать	v	33.0	24.3	26.4	21.8	41.5	31.2	37.3	
3321  	польский	польский	a	33.0	22.0	18.4	16.5	31.1	41.1	56.7	
3322  	потенциальный	потенциальный	a	33.0	2.7	3.7	9.0	1.5	8.1	50.4	
3323  	почта	почта	s	33.0	27.1	32.5	27.1	25.2	38.1	38.6	
3324  	юмор	юмор	s	33.0	14.9	40.9	23.1	37.1	82.2	46.6	
3325  	вначале	вначале	adv	32.9	35.3	37.0	27.9	28.2	52.8	33.2	
3326  	гордиться	гордиться	v	32.9	33.5	40.8	35.5	62.3	49.9	38.7	
3327  	доказывать	доказывать	v	32.9	37.8	30.2	24.2	43.0	61.6	38.0	
3328  	палка	палка	s	32.9	77.1	55.1	44.7	22.2	47.3	23.1	
3329  	проявляться	проявляться	v	32.9	10.1	8.1	9.8	25.2	44.8	30.0	
3330  	пустота	пустота	s	32.9	31.2	46.4	58.4	34.1	30.8	21.0	
3331  	сообразить	сообразить	v	32.9	59.2	61.0	73.0	11.9	22.0	12.3	
3332  	фонарь	фонарь	s	32.9	67.9	69.3	60.9	43.0	19.8	15.9	
3333  	заказать	заказать	v	32.8	22.3	23.3	45.0	25.2	23.5	37.6	
3334  	коллективный	коллективный	a	32.8	5.3	6.7	13.1	28.2	42.9	40.5	
3335  	наркотик	наркотик	s	32.8	5.7	2.9	30.5	1.5	5.9	47.4	
3336  	премьер	премьер	s	32.8	3.0	1.3	9.8	14.8	8.8	75.5	
3337  	трогать	трогать	v	32.8	57.1	60.6	54.4	20.8	24.9	20.1	
3338  	актив	актив	s	32.7	5.7	10.0	4.0	51.9	20.2	53.0	
3339  	завершить	завершить	v	32.7	6.2	8.9	20.6	20.8	24.9	49.4	
3340  	пользователь	пользователь	s	32.7	0.0	0.0	1.5	0.0	0.0	25.4	
3341  	посреди	посреди	pr	32.7	59.4	51.5	65.4	40.0	17.6	17.4	
3342  	соревнование	соревнование	s	32.7	9.8	11.9	7.5	249.1	55.8	61.3	
3343  	столб	столб	s	32.7	71.4	49.6	46.1	37.1	19.4	18.7	
3344  	француз	француз	s	32.7	10.8	33.5	29.7	32.6	38.9	45.7	
3345  	холм	холм	s	32.7	61.7	46.7	51.9	44.5	55.8	21.6	
3346  	аккуратно	аккуратно	adv	32.6	51.8	46.2	59.4	35.6	25.3	21.4	
3347  	большевик	большевик	s	32.6	24.3	23.1	34.0	118.6	87.3	38.3	
3348  	вдвоем	вдвоем	adv	32.6	59.7	57.4	51.9	14.8	40.0	21.9	
3349  	отменить	отменить	v	32.6	12.4	16.4	21.0	29.6	42.2	48.0	
3350  	печь	печь	s	32.6	79.9	58.5	31.3	37.1	53.6	25.8	
3351  	попасться	попасться	v	32.6	56.7	51.7	52.4	25.2	33.8	23.5	
3352  	поцеловать	поцеловать	v	32.6	57.2	63.2	71.6	37.1	13.9	12.1	
3353  	пугать	пугать	v	32.6	34.9	50.0	49.7	13.3	34.9	28.4	
3354  	сиденье	сиденье	s	32.6	42.9	35.4	64.8	19.3	11.0	24.7	
3355  	выплата	выплата	s	32.5	1.9	1.3	3.9	1.5	5.9	54.2	
3356  	избежать	избежать	v	32.5	17.2	15.7	18.9	31.1	28.2	47.9	
3357  	наибольший	наибольший	a	32.5	8.0	5.8	4.5	28.2	19.1	35.2	
3358  	отставка	отставка	s	32.5	6.4	11.0	15.7	22.2	23.9	64.5	
3359  	перестройка	перестройка	s	32.5	2.1	4.0	16.0	10.4	74.5	52.1	
3360  	подхватить	подхватить	v	32.5	61.3	65.9	66.7	22.2	18.0	14.9	
3361  	потрясти	потрясти	v	32.5	36.9	42.5	43.9	46.0	44.4	33.5	
3362  	предоставлять	предоставлять	v	32.5	4.4	6.4	6.2	11.9	18.0	43.0	
3363  	словом	словом	adv	32.5	28.7	40.2	31.9	28.2	62.4	40.2	
3364  	советовать	советовать	v	32.5	32.3	33.2	31.4	38.5	39.2	34.8	
3365  	сорт	сорт	s	32.5	19.9	31.5	14.4	50.4	41.1	38.3	
3366  	стеклянный	стеклянный	a	32.5	47.1	43.1	54.3	47.4	19.1	24.1	
3367  	трасса	трасса	s	32.5	15.9	10.2	13.3	10.4	20.5	63.1	
3368  	ангел	ангел	s	32.4	19.7	31.5	47.9	17.8	21.3	24.8	
3369  	атомный	атомный	a	32.4	23.0	16.2	12.0	26.7	44.4	38.2	
3370  	выбросить	выбросить	v	32.4	40.8	45.1	54.5	31.1	30.1	25.8	
3371  	доложить	доложить	v	32.4	73.0	53.3	43.5	20.8	51.7	25.9	
3372  	лифт	лифт	s	32.4	18.6	37.4	67.1	8.9	18.7	24.8	
3373  	мрачный	мрачный	a	32.4	42.2	40.9	46.3	43.0	42.2	30.7	
3374  	объясняться	объясняться	v	32.4	13.5	22.1	18.4	46.0	33.4	34.5	
3375  	профессионал	профессионал	s	32.4	4.6	20.6	21.1	4.5	23.5	54.6	
3376  	рекомендация	рекомендация	s	32.4	9.9	9.7	10.6	26.7	21.3	39.9	
3377  	скрыть	скрыть	v	32.4	53.9	43.2	40.1	32.6	46.2	27.8	
3378  	градус	градус	s	32.3	18.1	21.6	29.9	43.0	38.1	39.7	
3379  	запрос	запрос	s	32.3	7.3	9.5	10.3	31.1	24.9	33.9	
3380  	кабина	кабина	s	32.3	68.8	62.2	38.1	84.5	31.2	23.8	
3381  	обидеться	обидеться	v	32.3	61.5	63.8	57.3	23.7	19.1	18.0	
3382  	отказать	отказать	v	32.3	35.3	30.1	32.1	17.8	28.2	36.8	
3383  	повесить	повесить	v	32.3	70.7	55.6	53.2	44.5	18.0	20.8	
3384  	посетить	посетить	v	32.3	13.7	18.0	22.0	48.9	33.8	49.2	
3385  	приобретение	приобретение	s	32.3	3.5	4.1	6.8	13.3	10.6	48.6	
3386  	разбираться	разбираться	v	32.3	31.7	32.9	42.6	19.3	45.5	33.7	
3387  	террорист	террорист	s	32.3	2.1	7.8	15.2	4.5	4.8	67.6	
3388  	штраф	штраф	s	32.3	6.7	6.5	9.5	8.9	11.7	33.5	
3389  	двинуться	двинуться	v	32.2	58.1	60.6	60.7	26.7	19.4	18.7	
3390  	достаточный	достаточный	a	32.2	14.2	13.8	11.3	26.7	35.6	37.4	
3391  	замолчать	замолчать	v	32.2	81.2	82.2	67.2	14.8	15.4	7.8	
3392  	медаль	медаль	s	32.2	22.0	30.9	18.2	34.1	23.1	50.0	
3393  	окружать	окружать	v	32.2	38.8	29.0	31.0	51.9	45.9	28.5	
3394  	отрицательный	отрицательный	a	32.2	8.2	12.8	10.4	14.8	38.1	34.0	
3395  	последовательность	последовательность	s	32.2	5.5	7.2	7.9	10.4	7.0	12.3	
3396  	приглашение	приглашение	s	32.2	19.0	18.7	30.6	31.1	48.8	43.8	
3397  	пусть	пусть	conj	32.2	31.2	44.2	38.4	22.2	36.7	31.5	
3398  	уголок	уголок	s	32.2	48.6	43.5	40.5	62.3	45.1	28.4	
3399  	успевать	успевать	v	32.2	39.2	38.2	42.9	26.7	41.1	30.6	
3400  	фото	фото	s	32.2	5.7	9.1	11.7	10.4	9.9	47.4	
3401  	головной	головной	a	32.1	17.0	17.9	21.8	17.8	14.3	39.3	
3402  	обрести	обрести	v	32.1	15.1	25.1	37.4	10.4	38.9	38.1	
3403  	перерыв	перерыв	s	32.1	33.9	28.0	24.7	38.5	57.2	38.9	
3404  	подчеркивать	подчеркивать	v	32.1	17.0	15.7	15.1	60.8	34.5	39.8	
3405  	разрыв	разрыв	s	32.1	62.0	24.6	18.3	17.8	32.6	33.0	
3406  	угодно	угодно	adv	32.1	30.3	34.0	45.9	23.7	38.1	31.5	
3407  	бытовой	бытовой	a	32.0	6.6	7.4	16.9	51.9	46.2	46.6	
3408  	горький	горький	a	32.0	54.1	49.5	37.0	25.2	35.2	31.4	
3409  	департамент	департамент	s	32.0	1.9	3.8	6.2	14.8	5.5	60.4	
3410  	комментарий	комментарий	s	32.0	2.5	6.4	20.2	22.2	13.2	47.5	
3411  	орудие	орудие	s	32.0	94.1	56.7	18.9	29.6	35.2	25.3	
3412  	отель	отель	s	32.0	13.3	16.2	31.1	46.0	40.0	48.4	
3413  	переводить	переводить	v	32.0	32.8	30.3	32.2	38.5	51.4	33.8	
3414  	полезть	полезть	v	32.0	78.3	74.6	64.7	8.9	14.3	10.4	
3415  	радостный	радостный	a	32.0	52.3	45.3	38.7	47.4	47.0	27.3	
3416  	храниться	храниться	v	32.0	23.4	21.6	20.9	43.0	29.7	32.1	
3417  	эмоция	эмоция	s	32.0	11.2	18.7	26.3	4.5	32.6	36.9	
3418  	аудитория	аудитория	s	31.9	16.5	16.8	15.8	28.2	25.3	52.6	
3419  	жидкость	жидкость	s	31.9	18.4	15.1	25.4	4.5	15.4	18.4	
3420  	коэффициент	коэффициент	s	31.9	2.7	2.7	1.9	8.9	11.7	19.1	
3421  	мышка	мышка	s	31.9	230.8	38.8	37.0	8.9	14.7	9.3	
3422  	ножка	ножка	s	31.9	53.0	45.9	53.9	20.8	21.3	19.7	
3423  	оригинальный	оригинальный	a	31.9	10.5	11.6	10.8	28.2	27.5	46.9	
3424  	революционный	революционный	a	31.9	19.7	14.3	14.9	154.2	95.8	41.5	
3425  	спутник	спутник	s	31.9	55.1	22.4	27.4	89.0	42.5	36.9	
3426  	типичный	типичный	a	31.9	11.7	14.8	16.4	26.7	37.8	38.0	
3427  	трагический	трагический	a	31.9	17.7	16.1	17.3	71.2	56.1	47.7	
3428  	утренний	утренний	a	31.9	50.3	51.4	55.2	31.1	33.0	20.5	
3429  	веревка	веревка	s	31.8	60.8	72.8	53.5	35.6	25.3	16.5	
3430  	взаимоотношения	взаимоотношения	s	31.8	4.1	5.2	5.8	17.8	38.1	45.8	
3431  	вырваться	вырваться	v	31.8	59.5	53.3	53.7	17.8	24.9	21.3	
3432  	заинтересовать	заинтересовать	v	31.8	20.4	14.2	18.3	22.2	27.5	48.5	
3433  	издать	издать	v	31.8	13.8	16.6	23.8	60.8	41.8	43.4	
3434  	помешать	помешать	v	31.8	34.9	35.4	37.0	38.5	28.2	35.5	
3435  	посольство	посольство	s	31.8	10.3	10.5	20.6	71.2	24.2	54.2	
3436  	свободно	свободно	adv	31.8	34.7	34.5	26.3	29.6	43.3	32.1	
3437  	сексуальный	сексуальный	a	31.8	4.4	6.5	24.2	5.9	4.8	32.5	
3438  	старушка	старушка	s	31.8	35.1	48.9	61.6	29.6	38.9	20.5	
3439  	стать	стать	s	31.8	14.9	18.7	24.5	60.8	25.3	38.4	
3440  	ступень	ступень	s	31.8	37.8	30.8	31.1	54.9	24.9	27.8	
3441  	ценить	ценить	v	31.8	26.8	33.8	28.3	35.6	80.0	36.8	
3442  	борода	борода	s	31.7	61.7	57.3	55.3	38.5	36.0	17.5	
3443  	дисциплина	дисциплина	s	31.7	21.1	19.8	14.4	37.1	40.7	35.6	
3444  	затылок	затылок	s	31.7	70.2	63.4	68.7	20.8	14.3	10.9	
3445  	невеста	невеста	s	31.7	50.9	37.2	44.2	35.6	29.4	23.8	
3446  	сравнить	сравнить	v	31.7	11.7	17.9	14.9	10.4	29.4	29.0	
3447  	факультет	факультет	s	31.7	7.8	13.2	13.1	28.2	44.8	50.1	
3448  	группировка	группировка	s	31.6	8.5	3.2	14.7	17.8	18.0	49.5	
3449  	дыра	дыра	s	31.6	24.5	36.1	60.4	20.8	21.6	21.6	
3450  	император	император	s	31.6	8.2	22.4	31.0	38.5	26.8	38.4	
3451  	свеча	свеча	s	31.6	22.7	46.2	49.0	29.6	24.2	25.8	
3452  	таинственный	таинственный	a	31.6	47.5	42.7	37.0	53.4	44.4	26.7	
3453  	таможенный	таможенный	a	31.6	1.2	1.3	5.2	1.5	2.9	43.0	
3454  	тащить	тащить	v	31.6	75.5	66.0	51.0	23.7	29.0	17.9	
3455  	вероятность	вероятность	s	31.5	14.4	15.7	13.9	10.4	12.1	30.2	
3456  	плюс	плюс	conj	31.5	6.7	16.9	26.8	17.8	13.6	48.3	
3457  	принципиальный	принципиальный	a	31.5	10.3	7.9	8.6	10.4	29.0	43.6	
3458  	совпадать	совпадать	v	31.5	13.5	15.9	15.2	28.2	25.7	31.2	
3459  	благодарить	благодарить	v	31.4	45.2	57.0	33.1	25.2	31.2	28.7	
3460  	вот-вот	вот-вот	adv	31.4	51.2	54.0	56.4	17.8	25.7	20.4	
3461  	направиться	направиться	v	31.4	62.0	52.4	68.0	19.3	16.5	14.8	
3462  	пообещать	пообещать	v	31.4	26.8	29.9	51.2	8.9	11.4	36.0	
3463  	развернуть	развернуть	v	31.4	42.9	38.2	38.4	41.5	31.9	28.1	
3464  	снизу	снизу	adv	31.4	61.0	45.3	41.4	13.3	19.4	19.3	
3465  	удачный	удачный	a	31.4	18.1	20.2	21.4	38.5	30.4	46.9	
3466  	чудесный	чудесный	a	31.4	34.0	31.9	35.3	78.6	45.1	32.2	
3467  	блюдо	блюдо	s	31.3	17.4	21.2	33.6	32.6	45.9	38.8	
3468  	грань	грань	s	31.3	19.9	16.2	26.1	25.2	34.1	34.9	
3469  	критик	критик	s	31.3	5.3	19.9	13.1	103.8	67.1	51.9	
3470  	организатор	организатор	s	31.3	6.7	4.3	5.2	50.4	34.5	58.2	
3471  	парламент	парламент	s	31.3	2.3	2.2	9.8	22.2	30.1	64.9	
3472  	посадка	посадка	s	31.3	28.9	22.2	17.1	68.2	58.0	36.0	
3473  	посуда	посуда	s	31.3	39.7	41.3	43.6	35.6	33.8	25.3	
3474  	прозвучать	прозвучать	v	31.3	30.1	31.5	38.1	19.3	28.6	38.6	
3475  	противный	противный	a	31.3	34.6	32.0	41.2	20.8	22.7	25.9	
3476  	себе	себе	part	31.3	34.7	46.0	44.5	17.8	28.6	23.4	
3477  	соглашаться	соглашаться	v	31.3	36.0	45.0	38.0	17.8	44.8	30.1	
3478  	уверенно	уверенно	adv	31.3	39.5	37.6	43.3	22.2	37.8	30.9	
3479  	царство	царство	s	31.3	19.5	17.4	25.7	28.2	20.9	23.6	
3480  	экспорт	экспорт	s	31.3	0.7	0.8	1.1	1.5	12.1	56.9	
3481  	боевик	боевик	s	31.2	3.9	0.6	22.8	4.5	1.5	64.9	
3482  	вредный	вредный	a	31.2	25.0	21.2	17.9	19.3	35.2	34.9	
3483  	доставать	доставать	v	31.2	44.0	53.5	55.5	31.1	33.4	20.2	
3484  	зарегистрировать	зарегистрировать	v	31.2	2.8	4.1	6.8	7.4	10.3	41.5	
3485  	книжный	книжный	a	31.2	22.0	25.4	28.8	59.3	24.9	45.0	
3486  	начальный	начальный	a	31.2	6.2	7.4	7.7	31.1	23.1	28.4	
3487  	неприятность	неприятность	s	31.2	34.0	42.1	40.4	26.7	22.7	34.1	
3488  	обмануть	обмануть	v	31.2	43.1	41.0	46.1	35.6	35.2	27.9	
3489  	обнять	обнять	v	31.2	67.5	60.9	67.3	28.2	11.7	10.9	
3490  	оглядываться	оглядываться	v	31.2	91.6	64.7	51.2	31.1	27.5	15.0	
3491  	опасаться	опасаться	v	31.2	38.5	35.8	36.4	26.7	31.2	36.8	
3492  	портфель	портфель	s	31.2	51.8	78.3	44.5	19.3	18.7	19.3	
3493  	почетный	почетный	a	31.2	18.8	18.2	17.0	51.9	35.2	49.2	
3494  	правительственный	правительственный	a	31.2	4.6	6.5	9.8	26.7	27.5	62.1	
3495  	сменить	сменить	v	31.2	25.5	24.3	37.0	29.6	29.4	39.3	
3496  	воинский	воинский	a	31.1	15.8	18.5	17.1	22.2	36.7	40.4	
3497  	дурной	дурной	a	31.1	31.6	51.0	49.2	68.2	37.4	23.4	
3498  	кожаный	кожаный	a	31.1	41.8	45.1	64.6	38.5	16.9	19.9	
3499  	конкуренция	конкуренция	s	31.1	2.5	1.7	4.7	4.5	12.5	55.7	
3500  	перспективный	перспективный	a	31.1	3.2	5.1	6.7	4.5	12.1	41.1	
3501  	рассуждать	рассуждать	v	31.1	45.4	38.1	37.1	20.8	38.1	28.3	
3502  	сторонник	сторонник	s	31.1	6.0	5.9	7.9	26.7	31.9	57.9	
3503  	супруг	супруг	s	31.1	10.8	22.8	33.0	7.4	20.2	27.3	
3504  	украсть	украсть	v	31.1	38.5	40.3	49.0	16.3	20.5	29.7	
3505  	целиком	целиком	adv	31.1	20.9	26.4	27.7	53.4	48.8	34.9	
3506  	вообще-то	вообще-то	part	31.0	23.9	42.2	49.7	4.5	14.7	27.1	
3507  	заявлять	заявлять	v	31.0	12.6	16.1	15.0	43.0	29.7	48.5	
3508  	ошибиться	ошибиться	v	31.0	42.4	45.4	45.9	20.8	41.5	25.8	
3509  	персонал	персонал	s	31.0	8.7	6.3	12.7	11.9	13.6	39.8	
3510  	повысить	повысить	v	31.0	15.2	17.0	14.1	34.1	20.9	41.5	
3511  	показание	показание	s	31.0	23.4	25.3	22.9	4.5	59.8	30.1	
3512  	по-русски	по-русски	adv	31.0	23.6	33.1	40.7	44.5	34.1	36.7	
3513  	поручить	поручить	v	31.0	37.4	25.4	19.2	51.9	75.2	39.4	
3514  	послание	послание	s	31.0	6.0	7.3	17.2	7.4	16.1	52.2	
3515  	предоставление	предоставление	s	31.0	0.9	2.0	1.3	10.4	5.1	35.5	
3516  	профиль	профиль	s	31.0	16.5	16.2	23.8	20.8	13.6	26.7	
3517  	учебник	учебник	s	31.0	26.1	25.2	21.1	41.5	21.6	31.9	
3518  	ближний	ближний	a	30.9	14.5	20.2	17.6	31.1	20.9	41.3	
3519  	выгодный	выгодный	a	30.9	14.2	12.7	17.7	11.9	36.7	50.3	
3520  	заполнить	заполнить	v	30.9	30.1	24.9	28.8	40.0	42.9	32.1	
3521  	игрушка	игрушка	s	30.9	24.6	28.1	34.7	41.5	30.1	34.9	
3522  	критический	критический	a	30.9	8.7	11.9	10.8	25.2	36.3	39.6	
3523  	крышка	крышка	s	30.9	45.2	48.5	47.1	17.8	23.1	21.1	
3524  	наступление	наступление	s	30.9	45.7	28.1	14.2	26.7	64.6	34.5	
3525  	опуститься	опуститься	v	30.9	64.9	57.0	60.9	41.5	18.0	14.7	
3526  	оформление	оформление	s	30.9	5.0	5.4	6.9	28.2	26.1	43.4	
3527  	развести	развести	v	30.9	54.4	52.7	53.9	17.8	18.0	18.3	
3528  	экспериментальный	экспериментальный	a	30.9	8.9	3.5	3.2	10.4	18.7	17.3	
3529  	заплакать	заплакать	v	30.8	58.7	80.3	58.8	26.7	22.7	11.7	
3530  	заслужить	заслужить	v	30.8	26.6	34.3	24.8	44.5	28.2	42.4	
3531  	засыпать	засыпать	v	30.8	53.5	45.4	49.2	37.1	31.6	20.1	
3532  	наряду	наряду	adv	30.8	5.0	5.9	4.2	29.6	34.1	34.7	
3533  	недостаточно	недостаточно	adv	30.8	18.4	15.5	12.6	41.5	53.6	37.6	
3534  	понедельник	понедельник	s	30.8	15.4	21.9	19.9	14.8	16.5	47.3	
3535  	премьера	премьера	s	30.8	3.9	3.5	11.8	28.2	51.0	64.9	
3536  	преодолеть	преодолеть	v	30.8	21.6	18.2	20.8	25.2	34.1	42.4	
3537  	телеграмма	телеграмма	s	30.8	40.2	47.1	19.8	124.5	66.0	32.9	
3538  	трудиться	трудиться	v	30.8	19.9	24.2	24.1	97.8	58.3	40.7	
3539  	эх	эх	intj	30.8	101.9	71.8	42.2	29.6	12.8	12.8	
3540  	высказывание	высказывание	s	30.7	6.7	12.5	7.6	13.3	31.2	37.0	
3541  	конкурент	конкурент	s	30.7	4.4	2.6	16.0	11.9	12.1	58.2	
3542  	официально	официально	adv	30.7	11.7	16.4	14.8	20.8	22.4	53.3	
3543  	пес	пес	s	30.7	49.5	56.7	62.6	54.9	28.6	14.5	
3544  	подряд	подряд	adv	30.7	25.9	29.8	31.0	44.5	43.3	38.3	
3545  	пожалеть	пожалеть	v	30.7	51.9	58.5	53.2	16.3	20.5	17.5	
3546  	скала	скала	s	30.7	63.8	44.0	40.3	54.9	27.5	24.7	
3547  	торжественный	торжественный	a	30.7	25.7	29.5	27.2	54.9	42.5	37.9	
3548  	FALSE	FALSE	s	30.7	37.9	34.9	30.9	37.1	43.6	34.3	
3549  	грузовик	грузовик	s	30.6	78.7	38.6	40.1	19.3	37.0	28.5	
3550  	грустный	грустный	a	30.6	52.1	51.0	34.3	57.8	46.6	29.2	
3551  	комплексный	комплексный	a	30.6	0.5	1.5	1.0	40.0	11.0	30.3	
3552  	лечить	лечить	v	30.6	27.8	25.7	33.1	29.6	26.1	33.6	
3553  	неплохой	неплохой	a	30.6	19.3	28.9	33.2	19.3	31.2	38.5	
3554  	перечень	перечень	s	30.6	4.1	2.2	5.6	11.9	14.3	33.8	
3555  	ритм	ритм	s	30.6	15.1	19.7	22.7	90.4	62.7	38.3	
3556  	такси	такси	s	30.6	30.3	48.9	54.3	11.9	20.9	25.7	
3557  	улучшение	улучшение	s	30.6	4.1	5.0	4.1	60.8	36.3	40.6	
3558  	философ	философ	s	30.6	10.8	23.3	19.0	17.8	37.0	32.8	
3559  	валяться	валяться	v	30.5	52.8	55.8	62.7	22.2	15.4	14.3	
3560  	воин	воин	s	30.5	12.9	22.6	47.9	56.3	40.4	29.0	
3561  	жара	жара	s	30.5	42.0	39.0	49.7	44.5	37.4	25.0	
3562  	зарабатывать	зарабатывать	v	30.5	15.6	25.6	31.0	20.8	32.6	42.4	
3563  	олигарх	олигарх	s	30.5	2.7	0.0	7.5	0.0	0.0	72.6	
3564  	охватить	охватить	v	30.5	60.4	39.0	32.6	25.2	31.2	24.2	
3565  	предусматривать	предусматривать	v	30.5	2.3	2.2	1.5	17.8	12.8	44.2	
3566  	строчка	строчка	s	30.5	31.9	34.9	28.9	34.1	60.9	37.2	
3567  	фрагмент	фрагмент	s	30.5	1.1	1.3	12.4	4.5	4.8	27.1	
3568  	бюро	бюро	s	30.4	37.8	22.0	16.3	87.5	82.5	40.7	
3569  	выражаться	выражаться	v	30.4	28.0	21.4	24.5	34.1	37.0	27.3	
3570  	доходить	доходить	v	30.4	28.0	32.5	25.9	47.4	50.6	32.9	
3571  	жалкий	жалкий	a	30.4	54.2	57.5	49.8	28.2	40.0	19.1	
3572  	обидеть	обидеть	v	30.4	55.6	47.6	44.2	22.2	25.7	24.7	
3573  	обойти	обойти	v	30.4	44.3	43.2	38.1	23.7	32.6	29.2	
3574  	посторонний	посторонний	a	30.4	29.9	49.4	46.8	31.1	34.5	21.9	
3575  	проспект	проспект	s	30.4	10.3	21.7	34.5	37.1	27.9	39.9	
3576  	самоуправление	самоуправление	s	30.4	0.0	0.5	0.6	0.0	9.5	44.8	
3577  	сборная	сборная	s	30.4	1.2	3.7	4.3	16.3	28.6	67.5	
3578  	сломать	сломать	v	30.4	37.9	31.2	48.9	35.6	24.2	27.1	
3579  	тогдашний	тогдашний	a	30.4	7.1	13.8	15.3	75.6	59.8	54.0	
3580  	вытянуть	вытянуть	v	30.3	65.6	54.5	53.4	8.9	16.9	13.3	
3581  	даваться	даваться	v	30.3	18.4	23.7	23.4	50.4	45.9	30.9	
3582  	зерно	зерно	s	30.3	20.6	22.8	17.3	57.8	81.4	35.4	
3583  	ледяной	ледяной	a	30.3	39.7	45.0	53.0	65.2	35.2	21.6	
3584  	отвернуться	отвернуться	v	30.3	76.9	62.8	60.0	16.3	16.1	9.4	
3585  	платеж	платеж	s	30.3	0.0	0.6	3.5	5.9	7.7	40.9	
3586  	потребление	потребление	s	30.3	1.4	1.8	3.1	8.9	30.4	35.5	
3587  	прощать	прощать	v	30.3	57.4	53.6	41.5	20.8	34.9	23.0	
3588  	рухнуть	рухнуть	v	30.3	28.9	37.6	57.4	19.3	18.0	25.7	
3589  	свернуть	свернуть	v	30.3	64.5	55.6	57.4	17.8	23.9	15.2	
3590  	стесняться	стесняться	v	30.3	38.3	48.3	45.5	26.7	30.1	25.0	
3591  	возражать	возражать	v	30.2	46.1	38.9	38.9	26.7	54.3	27.0	
3592  	вред	вред	s	30.2	10.8	13.8	13.4	10.4	20.2	30.2	
3593  	выделяться	выделяться	v	30.2	19.0	17.6	14.1	26.7	29.4	29.4	
3594  	кафедра	кафедра	s	30.2	11.7	17.6	21.6	23.7	15.0	36.6	
3595  	напиток	напиток	s	30.2	13.8	16.0	34.4	16.3	15.0	42.1	
3596  	осветить	осветить	v	30.2	87.2	43.5	46.8	43.0	30.1	15.9	
3597  	приступить	приступить	v	30.2	19.7	21.5	20.3	43.0	43.6	41.2	
3598  	пробормотать	пробормотать	v	30.2	48.6	40.4	91.2	5.9	4.4	4.5	
3599  	структурный	структурный	a	30.2	0.0	0.8	0.8	7.4	5.1	23.5	
3600  	яма	яма	s	30.2	60.1	51.5	43.4	16.3	36.3	22.2	
3601  	англичанин	англичанин	s	30.1	21.3	13.9	19.7	31.1	196.6	36.9	
3602  	длиться	длиться	v	30.1	21.3	24.3	29.4	32.6	36.0	37.6	
3603  	занятый	занятый	a	30.1	43.2	43.6	39.0	35.6	36.0	26.4	
3604  	изложить	изложить	v	30.1	12.8	16.6	16.3	23.7	30.8	30.6	
3605  	кругом	кругом	adv	30.1	74.8	60.9	45.0	47.4	28.6	17.3	
3606  	лицензия	лицензия	s	30.1	1.6	0.0	5.7	0.0	4.0	46.1	
3607  	обозначить	обозначить	v	30.1	8.5	11.4	18.8	5.9	19.1	32.3	
3608  	полюбить	полюбить	v	30.1	31.9	42.7	37.4	47.4	35.6	28.1	
3609  	пот	пот	s	30.1	68.1	55.2	54.2	28.2	24.6	15.2	
3610  	проиграть	проиграть	v	30.1	18.8	27.6	23.8	17.8	31.6	46.8	
3611  	пятница	пятница	s	30.1	14.5	17.1	23.5	13.3	10.3	46.3	
3612  	распахнуть	распахнуть	v	30.1	53.0	61.9	70.8	14.8	15.0	9.6	
3613  	рота	рота	s	30.1	70.0	53.3	37.0	13.3	35.6	22.0	
3614  	семейство	семейство	s	30.1	15.4	23.7	22.8	25.2	20.5	29.2	
3615  	сосна	сосна	s	30.1	54.9	53.6	33.2	25.2	30.4	16.8	
3616  	убеждение	убеждение	s	30.1	20.2	19.2	15.7	57.8	43.3	36.5	
3617  	форум	форум	s	30.1	0.9	0.9	1.5	0.0	8.4	47.4	
3618  	шампанское	шампанское	s	30.1	17.4	33.4	57.1	11.9	24.2	25.4	
3619  	могучий	могучий	a	30.0	73.0	40.4	39.8	60.8	33.4	24.0	
3620  	оттенок	оттенок	s	30.0	37.9	26.5	26.8	66.7	33.4	28.9	
3621  	провожать	провожать	v	30.0	59.9	50.4	44.3	31.1	39.2	23.4	
3622  	реагировать	реагировать	v	30.0	6.9	19.3	21.1	10.4	34.5	37.7	
3623  	рисковать	рисковать	v	30.0	33.0	31.5	33.3	22.2	27.1	36.5	
3624  	устроиться	устроиться	v	30.0	42.0	42.9	52.5	17.8	33.0	22.1	
3625  	громадный	громадный	a	29.9	70.2	50.9	30.1	68.2	35.6	22.8	
3626  	подобно	подобно	pr	29.9	27.5	27.8	23.8	28.2	44.0	29.1	
3627  	пустыня	пустыня	s	29.9	32.4	29.1	29.6	67.1	60.9	26.3	
3628  	сборник	сборник	s	29.9	2.8	12.3	10.8	114.2	33.0	43.0	
3629  	словно	словно	part	29.9	68.8	46.3	57.3	17.8	25.3	15.3	
3630  	сталинский	сталинский	a	29.9	9.9	18.2	11.5	146.8	60.9	48.6	
3631  	увеличиться	увеличиться	v	29.9	5.3	3.7	4.1	28.2	24.2	47.5	
3632  	военнослужащий	военнослужащий	s	29.8	6.9	9.7	4.0	0.0	5.1	55.6	
3633  	кончить	кончить	v	29.8	89.9	58.7	38.1	51.9	48.1	14.5	
3634  	надолго	надолго	adv	29.8	31.6	34.0	41.9	26.7	32.6	29.4	
3635  	объявление	объявление	s	29.8	18.3	27.9	26.7	31.1	29.4	34.2	
3636  	поза	поза	s	29.8	42.9	44.0	43.2	38.5	30.8	19.7	
3637  	сельскохозяйственный	сельскохозяйственный	a	29.8	4.1	4.1	2.8	109.7	59.1	32.3	
3638  	столкнуться	столкнуться	v	29.8	22.9	22.1	28.5	22.2	33.4	39.6	
3639  	блеск	блеск	s	29.7	49.5	35.9	35.2	68.2	33.4	25.7	
3640  	заснуть	заснуть	v	29.7	70.0	52.6	55.0	14.8	30.1	13.7	
3641  	папка	папка	s	29.7	84.5	57.9	49.0	25.2	24.6	14.4	
3642  	размышление	размышление	s	29.7	26.2	22.6	25.0	28.2	44.0	31.1	
3643  	регулярно	регулярно	adv	29.7	4.8	8.7	19.3	19.3	30.1	47.8	
3644  	свести	свести	v	29.7	26.4	32.0	33.5	26.7	24.9	29.7	
3645  	смешно	смешно	adv	29.7	53.5	53.5	39.6	22.2	37.0	22.4	
3646  	современник	современник	s	29.7	5.5	9.1	8.0	35.6	51.7	50.4	
3647  	авария	авария	s	29.6	15.9	11.4	13.8	5.9	17.2	45.0	
3648  	отправляться	отправляться	v	29.6	26.4	28.9	31.9	38.5	50.6	36.1	
3649  	прогулка	прогулка	s	29.6	33.7	26.4	34.4	72.6	64.6	29.5	
3650  	сбить	сбить	v	29.6	47.1	42.3	42.8	28.2	25.3	25.6	
3651  	секс	секс	s	29.6	1.2	4.6	25.4	3.0	6.2	26.6	
3652  	славный	славный	a	29.6	33.0	35.4	37.4	57.8	52.8	29.4	
3653  	среднее	среднее	s	29.6	4.1	4.9	4.6	22.2	23.9	43.2	
3654  	степь	степь	s	29.6	86.1	30.2	47.7	38.5	75.2	13.7	
3655  	бизнесмен	бизнесмен	s	29.5	0.9	2.2	26.1	0.0	7.3	55.7	
3656  	британский	британский	a	29.5	5.1	4.2	7.5	13.3	59.1	56.0	
3657  	дура	дура	s	29.5	38.3	54.7	72.5	17.8	7.3	7.3	
3658  	ковер	ковер	s	29.5	43.4	32.9	46.3	48.9	31.6	25.2	
3659  	кончаться	кончаться	v	29.5	44.8	44.4	38.7	37.1	53.9	23.8	
3660  	кредитный	кредитный	a	29.5	0.0	1.0	8.3	0.0	5.1	36.8	
3661  	любопытный	любопытный	a	29.5	25.2	30.2	30.2	54.9	49.2	35.6	
3662  	нарушать	нарушать	v	29.5	22.7	25.1	23.3	20.8	28.6	32.0	
3663  	пламя	пламя	s	29.5	70.0	45.4	46.5	26.7	21.3	15.3	
3664  	реально	реально	adv	29.5	3.4	4.7	8.6	10.4	16.1	45.4	
3665  	старость	старость	s	29.5	31.0	36.8	41.9	28.2	49.2	25.4	
3666  	стрельба	стрельба	s	29.5	33.0	32.0	25.7	23.7	25.3	36.4	
3667  	верх	верх	s	29.4	28.4	36.3	32.1	25.2	36.7	32.0	
3668  	внедрение	внедрение	s	29.4	2.3	1.7	2.1	16.3	21.3	34.4	
3669  	вступление	вступление	s	29.4	3.4	7.9	5.8	13.3	19.4	40.5	
3670  	выпасть	выпасть	v	29.4	26.1	36.6	43.0	25.2	26.4	27.9	
3671  	добиваться	добиваться	v	29.4	21.6	22.0	20.3	46.0	51.7	40.1	
3672  	накануне	накануне	pr	29.4	12.4	13.4	16.7	29.6	29.4	53.1	
3673  	оптимальный	оптимальный	a	29.4	1.2	2.8	1.8	0.0	9.9	27.9	
3674  	предупреждать	предупреждать	v	29.4	41.5	33.0	35.8	22.2	29.0	29.0	
3675  	прервать	прервать	v	29.4	54.6	39.3	43.8	46.0	28.6	23.2	
3676  	районный	районный	a	29.4	23.4	18.3	17.5	102.3	41.1	37.5	
3677  	рана	рана	s	29.4	44.5	47.3	41.9	41.5	26.1	23.0	
3678  	стандартный	стандартный	a	29.4	4.4	5.4	10.1	7.4	15.0	32.7	
3679  	счесть	счесть	v	29.4	27.1	27.5	32.5	38.5	40.7	35.0	
3680  	треть	треть	s	29.4	9.6	10.4	15.9	11.9	30.1	43.5	
3681  	ус	ус	s	29.4	53.9	60.4	51.1	47.4	26.4	16.9	
3682  	флаг	флаг	s	29.4	15.1	24.4	23.2	54.9	34.1	36.6	
3683  	чистота	чистота	s	29.4	25.5	21.4	21.2	62.3	32.6	32.2	
3684  	варить	варить	v	29.3	40.2	47.6	40.4	38.5	30.1	21.4	
3685  	крепость	крепость	s	29.3	25.7	32.2	33.5	54.9	36.7	21.8	
3686  	некоторые	некоторые	spro	29.3	32.8	29.2	25.4	23.7	38.9	33.8	
3687  	полететь	полететь	v	29.3	58.3	45.7	50.9	25.2	22.4	21.1	
3688  	призывать	призывать	v	29.3	14.7	16.1	21.0	43.0	30.8	39.6	
3689  	психолог	психолог	s	29.3	13.7	6.1	13.7	1.5	15.0	24.0	
3690  	расположение	расположение	s	29.3	30.5	19.3	19.4	26.7	39.6	27.4	
3691  	фаза	фаза	s	29.3	8.0	2.7	6.7	8.9	6.2	15.3	
3692  	чуть-чуть	чуть-чуть	adv	29.3	40.2	38.4	42.9	26.7	26.4	23.3	
3693  	выбраться	выбраться	v	29.2	45.9	43.9	61.2	19.3	14.7	16.5	
3694  	выделять	выделять	v	29.2	9.9	8.8	8.5	16.3	29.0	29.7	
3695  	намного	намного	adv	29.2	5.3	10.4	19.3	23.7	18.0	42.4	
3696  	недалеко	недалеко	adv	29.2	45.9	38.5	35.4	46.0	35.2	28.1	
3697  	немалый	немалый	a	29.2	11.2	17.9	23.7	22.2	49.5	41.2	
3698  	охотно	охотно	adv	29.2	31.0	42.1	33.8	50.4	67.9	29.5	
3699  	расстрелять	расстрелять	v	29.2	33.1	35.8	26.8	77.1	89.5	34.9	
3700  	совместно	совместно	adv	29.2	3.4	4.0	3.8	26.7	10.6	41.9	
3701  	асфальт	асфальт	s	29.1	29.4	35.8	60.2	16.3	11.0	23.1	
3702  	бессмысленный	бессмысленный	a	29.1	30.7	32.1	42.8	25.2	26.1	27.8	
3703  	валюта	валюта	s	29.1	6.4	10.1	15.8	4.5	20.9	45.6	
3704  	натуральный	натуральный	a	29.1	6.9	17.3	18.4	26.7	15.0	28.2	
3705  	негативный	негативный	a	29.1	1.2	1.3	3.4	0.0	5.5	41.4	
3706  	откровенно	откровенно	adv	29.1	31.9	28.0	29.4	35.6	44.4	37.5	
3707  	палатка	палатка	s	29.1	43.8	61.0	33.5	37.1	63.8	25.0	
3708  	перевозка	перевозка	s	29.1	2.7	5.9	4.2	20.8	22.4	37.9	
3709  	плоский	плоский	a	29.1	50.0	40.8	37.6	48.9	21.3	15.7	
3710  	разглядеть	разглядеть	v	29.1	51.9	53.2	57.8	22.2	19.8	15.1	
3711  	стойка	стойка	s	29.1	22.3	31.6	47.0	22.2	20.5	19.5	
3712  	успокоить	успокоить	v	29.1	41.3	49.2	50.9	16.3	26.4	20.5	
3713  	холодильник	холодильник	s	29.1	9.6	25.6	51.4	3.0	34.1	21.0	
3714  	ветеран	ветеран	s	29.0	4.6	12.4	13.9	14.8	30.1	56.5	
3715  	вор	вор	s	29.0	33.7	36.1	47.4	7.4	30.8	26.6	
3716  	выделение	выделение	s	29.0	1.6	1.9	2.7	3.0	7.3	18.4	
3717  	где-нибудь	где-нибудь	advpro	29.0	48.2	49.9	42.3	37.1	30.4	21.7	
3718  	кинуться	кинуться	v	29.0	58.5	70.2	56.6	11.9	19.4	12.6	
3719  	листок	листок	s	29.0	77.1	49.4	44.8	20.8	34.1	16.6	
3720  	переставать	переставать	v	29.0	31.9	33.4	30.6	38.5	33.8	27.9	
3721  	предок	предок	s	29.0	29.2	32.1	29.4	23.7	32.6	31.5	
3722  	расследование	расследование	s	29.0	6.7	6.0	24.1	11.9	5.9	45.6	
3723  	решетка	решетка	s	29.0	34.9	32.4	36.1	14.8	28.2	23.9	
3724  	сибирский	сибирский	a	29.0	16.7	16.0	15.3	43.0	26.8	35.2	
3725  	скамейка	скамейка	s	29.0	56.5	53.8	51.1	35.6	30.1	16.9	
3726  	слабо	слабо	adv	29.0	36.9	31.3	29.9	37.1	14.3	16.2	
3727  	торжество	торжество	s	29.0	25.2	28.3	23.1	51.9	34.5	34.4	
3728  	экспертиза	экспертиза	s	29.0	5.8	9.5	12.3	3.0	4.4	33.6	
3729  	боковой	боковой	a	28.9	27.6	22.2	27.3	5.9	17.6	19.4	
3730  	делегация	делегация	s	28.9	5.1	5.8	8.9	78.6	45.1	50.2	
3731  	дорожный	дорожный	a	28.9	18.4	16.9	19.4	13.3	29.0	40.5	
3732  	миф	миф	s	28.9	8.5	16.1	11.3	25.2	19.4	44.7	
3733  	соблюдение	соблюдение	s	28.9	3.5	4.2	5.0	17.8	8.4	29.6	
3734  	ступенька	ступенька	s	28.9	57.6	50.5	50.8	26.7	29.7	17.1	
3735  	турнир	турнир	s	28.9	3.4	1.0	5.2	7.4	16.9	67.9	
3736  	формироваться	формироваться	v	28.9	3.5	2.6	2.5	4.5	15.4	31.1	
3737  	щель	щель	s	28.9	46.8	50.1	46.6	32.6	33.4	15.8	
3738  	гнев	гнев	s	28.8	37.2	31.2	42.6	47.4	34.1	24.4	
3739  	заглядывать	заглядывать	v	28.8	56.5	48.9	51.3	19.3	27.5	16.6	
3740  	задумываться	задумываться	v	28.8	28.0	28.9	28.3	29.6	36.3	32.9	
3741  	командовать	командовать	v	28.8	67.7	38.0	27.5	28.2	73.0	27.5	
3742  	льгота	льгота	s	28.8	1.4	1.8	4.0	5.9	15.8	58.5	
3743  	математический	математический	a	28.8	11.0	9.8	6.0	8.9	12.5	13.2	
3744  	менеджер	менеджер	s	28.8	0.0	0.0	9.6	0.0	1.8	55.4	
3745  	мыть	мыть	v	28.8	40.1	40.5	41.2	13.3	25.3	21.8	
3746  	немного	немного	num	28.8	28.5	28.8	34.3	23.7	37.0	30.8	
3747  	отобрать	отобрать	v	28.8	38.1	31.2	29.0	3.0	32.6	31.3	
3748  	предположение	предположение	s	28.8	20.7	25.4	21.3	11.9	19.1	23.0	
3749  	сложно	сложно	adv	28.8	3.2	7.3	14.2	8.9	17.6	45.5	
3750  	хохотать	хохотать	v	28.8	67.7	66.8	47.6	14.8	27.5	16.1	
3751  	батарея	батарея	s	28.7	104.9	51.3	19.9	10.4	47.3	21.9	
3752  	идеологический	идеологический	a	28.7	4.1	5.0	7.6	28.2	18.7	51.9	
3753  	контекст	контекст	s	28.7	0.0	1.9	5.2	1.5	7.3	34.2	
3754  	незаконный	незаконный	a	28.7	4.8	5.8	7.9	8.9	10.6	42.7	
3755  	познание	познание	s	28.7	26.2	13.7	10.2	14.8	32.3	18.2	
3756  	скрыться	скрыться	v	28.7	71.6	51.5	50.9	23.7	19.4	15.8	
3757  	авиационный	авиационный	a	28.6	9.0	7.9	3.9	20.8	21.6	51.6	
3758  	видать	видать	v	28.6	67.5	67.3	42.4	44.5	20.9	15.9	
3759  	выжить	выжить	v	28.6	14.4	23.7	33.3	20.8	33.0	36.9	
3760  	выносить	выносить	v	28.6	25.5	27.8	29.9	26.7	28.2	26.3	
3761  	железо	железо	s	28.6	42.2	39.8	29.4	35.6	23.5	17.8	
3762  	заодно	заодно	adv	28.6	17.0	29.2	45.9	11.9	22.4	30.5	
3763  	записывать	записывать	v	28.6	30.8	32.4	29.6	40.0	50.3	29.1	
3764  	избиратель	избиратель	s	28.6	0.7	4.9	7.5	54.9	6.2	63.0	
3765  	некуда	некуда	adv	28.6	43.4	48.0	45.5	25.2	19.4	22.4	
3766  	перебить	перебить	v	28.6	67.5	64.0	61.1	16.3	10.6	8.8	
3767  	программный	программный	a	28.6	0.9	1.3	1.2	4.5	4.4	26.8	
3768  	рейтинг	рейтинг	s	28.6	0.0	0.0	3.5	0.0	0.0	59.1	
3769  	самарский	самарский	a	28.6	0.0	2.6	0.7	0.0	4.8	67.4	
3770  	скважина	скважина	s	28.6	6.6	6.9	12.0	10.4	4.0	15.2	
3771  	специальность	специальность	s	28.6	21.6	14.7	11.0	28.2	42.9	38.2	
3772  	тронуть	тронуть	v	28.6	59.7	58.8	53.2	26.7	22.0	13.9	
3773  	аргумент	аргумент	s	28.5	5.5	9.8	14.8	4.5	28.2	41.5	
3774  	дверца	дверца	s	28.5	63.1	53.0	64.6	4.5	10.3	8.7	
3775  	огонек	огонек	s	28.5	71.2	45.1	38.1	51.9	27.5	23.5	
3776  	прогресс	прогресс	s	28.5	11.5	13.9	8.9	50.4	41.1	38.2	
3777  	строитель	строитель	s	28.5	19.7	10.6	11.9	93.4	51.4	47.3	
3778  	угодно	угодно	part	28.5	25.5	27.4	41.5	26.7	29.7	26.8	
3779  	шестьдесят	шестьдесят	num	28.5	39.7	51.5	39.3	28.2	48.1	20.2	
3780  	базовый	базовый	a	28.4	1.6	0.0	2.5	0.0	1.1	42.5	
3781  	биологический	биологический	a	28.4	12.8	10.1	7.3	7.4	18.7	19.4	
3782  	ген	ген	s	28.4	8.5	7.2	11.0	17.8	2.6	12.1	
3783  	гениальный	гениальный	a	28.4	20.6	22.5	27.6	68.2	35.6	37.2	
3784  	деревенский	деревенский	a	28.4	56.0	42.3	34.4	62.3	47.3	25.5	
3785  	загадочный	загадочный	a	28.4	22.5	29.9	32.8	22.2	23.5	34.7	
3786  	певец	певец	s	28.4	14.7	13.7	24.7	41.5	54.7	44.6	
3787  	прятаться	прятаться	v	28.4	47.0	47.7	51.0	25.2	22.4	18.9	
3788  	размышлять	размышлять	v	28.4	34.4	44.2	47.3	22.2	31.9	20.3	
3789  	ремень	ремень	s	28.4	65.9	59.1	41.5	22.2	19.1	17.3	
3790  	соперник	соперник	s	28.4	6.0	12.0	16.8	28.2	19.1	51.6	
3791  	соседка	соседка	s	28.4	39.4	43.0	62.5	11.9	17.6	14.7	
3792  	грозный	грозный	a	28.3	37.2	32.0	30.8	38.5	36.7	30.3	
3793  	завтрак	завтрак	s	28.3	42.0	34.3	44.5	46.0	34.5	22.0	
3794  	отчасти	отчасти	adv	28.3	8.2	18.4	24.5	26.7	44.4	34.8	
3795  	подозрение	подозрение	s	28.3	33.0	28.4	42.4	8.9	26.4	26.9	
3796  	проклятый	проклятый	a	28.3	59.7	58.2	47.2	25.2	20.5	17.0	
3797  	располагать	располагать	v	28.3	18.1	16.2	15.3	28.2	35.2	37.3	
3798  	ружье	ружье	s	28.3	72.7	66.1	39.1	34.1	25.7	18.6	
3799  	следом	следом	adv	28.3	42.4	54.5	60.5	11.9	12.8	14.6	
3800  	стремительно	стремительно	adv	28.3	32.8	33.4	45.0	13.3	20.2	26.7	
3801  	балкон	балкон	s	28.2	20.4	39.5	47.5	19.3	16.1	25.6	
3802  	волшебный	волшебный	a	28.2	53.7	25.8	40.6	53.4	15.0	25.5	
3803  	заслуга	заслуга	s	28.2	19.0	22.0	15.9	57.8	39.2	39.9	
3804  	зачастую	зачастую	adv	28.2	3.7	6.3	8.1	22.2	15.4	46.2	
3805  	изготовление	изготовление	s	28.2	7.8	4.3	6.3	28.2	30.1	32.7	
3806  	контора	контора	s	28.2	49.1	42.3	44.3	32.6	32.3	20.7	
3807  	ломать	ломать	v	28.2	42.2	42.7	40.2	20.8	29.4	24.1	
3808  	огород	огород	s	28.2	50.3	63.3	39.8	22.2	19.1	19.3	
3809  	подводный	подводный	a	28.2	20.0	33.1	17.3	10.4	31.9	31.8	
3810  	приложение	приложение	s	28.2	3.5	3.1	4.7	14.8	13.2	19.0	
3811  	рваться	рваться	v	28.2	39.7	47.6	40.1	22.2	34.1	24.0	
3812  	речка	речка	s	28.2	50.9	61.4	38.9	46.0	31.2	18.1	
3813  	социализм	социализм	s	28.2	12.9	9.3	14.2	83.0	49.5	41.4	
3814  	сырой	сырой	a	28.2	48.9	47.1	40.6	22.2	36.0	19.3	
3815  	терроризм	терроризм	s	28.2	0.0	1.0	2.2	0.0	0.7	54.4	
3816  	уничтожение	уничтожение	s	28.2	26.6	11.4	11.1	28.2	41.1	38.6	
3817  	эра	эра	s	28.2	24.8	8.7	13.5	28.2	24.2	24.1	
3818  	беспокоиться	беспокоиться	v	28.1	69.0	45.9	42.2	17.8	30.4	18.4	
3819  	заканчиваться	заканчиваться	v	28.1	9.8	11.5	19.9	29.6	25.7	38.3	
3820  	оформить	оформить	v	28.1	12.8	14.1	20.7	14.8	17.2	37.6	
3821  	первичный	первичный	a	28.1	3.7	2.3	3.5	31.1	15.8	20.3	
3822  	предстоящий	предстоящий	a	28.1	16.7	19.1	19.5	25.2	30.4	41.5	
3823  	трамвай	трамвай	s	28.1	23.9	57.7	41.1	19.3	35.2	23.0	
3824  	финал	финал	s	28.1	1.9	6.4	12.6	16.3	35.2	54.6	
3825  	шептать	шептать	v	28.1	73.4	50.9	55.1	10.4	12.1	13.2	
3826  	восьмой	восьмой	anum	28.0	32.4	38.2	41.1	17.8	42.9	22.9	
3827  	галстук	галстук	s	28.0	39.5	51.8	46.7	37.1	24.6	21.1	
3828  	колбаса	колбаса	s	28.0	30.5	39.4	38.7	10.4	20.2	20.8	
3829  	математика	математика	s	28.0	20.2	22.0	15.9	29.6	18.3	20.7	
3830  	миновать	миновать	v	28.0	45.0	51.8	42.0	25.2	35.2	20.6	
3831  	независимость	независимость	s	28.0	10.1	11.5	11.5	31.1	23.5	42.8	
3832  	нелепый	нелепый	a	28.0	45.0	48.9	38.5	32.6	51.4	22.0	
3833  	патриарх	патриарх	s	28.0	1.4	1.8	9.9	1.5	20.9	42.6	
3834  	разделять	разделять	v	28.0	18.4	20.5	17.8	26.7	33.8	31.7	
3835  	реконструкция	реконструкция	s	28.0	1.9	1.4	4.3	11.9	20.5	48.5	
3836  	сформулировать	сформулировать	v	28.0	5.8	9.1	10.4	3.0	17.2	32.7	
3837  	набережная	набережная	s	27.9	20.4	29.2	35.3	34.1	20.9	29.5	
3838  	наполнить	наполнить	v	27.9	34.9	29.3	40.9	34.1	32.3	23.0	
3839  	недовольный	недовольный	a	27.9	35.3	34.3	32.7	29.6	38.5	31.3	
3840  	недра	недра	s	27.9	7.3	12.4	12.0	4.5	11.7	24.0	
3841  	переживание	переживание	s	27.9	20.4	13.1	15.7	41.5	31.9	23.4	
3842  	поздравлять	поздравлять	v	27.9	24.8	30.3	22.8	25.2	23.5	28.4	
3843  	покидать	покидать	v	27.9	29.4	31.7	32.5	34.1	45.5	30.5	
3844  	баланс	баланс	s	27.8	2.5	2.2	6.0	7.4	13.9	33.2	
3845  	блестеть	блестеть	v	27.8	107.2	47.7	42.2	41.5	17.2	12.5	
3846  	вносить	вносить	v	27.8	8.5	11.6	9.1	23.7	33.0	32.9	
3847  	девка	девка	s	27.8	65.8	58.2	56.5	10.4	8.4	10.0	
3848  	знамя	знамя	s	27.8	24.8	35.8	22.2	83.0	33.4	33.6	
3849  	коснуться	коснуться	v	27.8	30.5	34.5	41.0	19.3	25.3	23.9	
3850  	медицина	медицина	s	27.8	17.7	17.9	16.0	34.1	21.6	35.0	
3851  	осенний	осенний	a	27.8	45.0	46.2	34.1	48.9	32.6	24.6	
3852  	отчетливо	отчетливо	adv	27.8	39.5	43.9	36.9	17.8	23.1	19.1	
3853  	потребоваться	потребоваться	v	27.8	17.2	17.9	17.0	26.7	27.1	38.4	
3854  	пушкинский	пушкинский	a	27.8	5.8	11.6	15.6	34.1	36.3	39.6	
3855  	ужасно	ужасно	adv	27.8	47.7	44.5	38.1	50.4	22.7	20.8	
3856  	юбилей	юбилей	s	27.8	3.2	10.7	11.5	32.6	26.8	53.1	
3857  	вложить	вложить	v	27.7	19.9	15.7	25.8	28.2	22.0	37.6	
3858  	греческий	греческий	a	27.7	7.1	10.4	27.1	14.8	13.6	22.0	
3859  	задумчиво	задумчиво	adv	27.7	82.4	45.4	64.5	14.8	8.8	7.1	
3860  	кирпич	кирпич	s	27.7	46.4	35.9	38.4	46.0	31.6	23.4	
3861  	несчастье	несчастье	s	27.7	41.8	41.5	34.2	58.0	45.1	25.1	
3862  	плащ	плащ	s	27.7	69.0	50.0	54.5	25.2	18.7	12.0	
3863  	понести	понести	v	27.7	41.8	42.1	35.4	25.2	22.4	21.5	
3864  	похороны	похороны	s	27.7	17.4	29.0	45.0	46.0	37.4	28.2	
3865  	прошептать	прошептать	v	27.7	57.2	43.5	74.7	19.3	4.8	5.5	
3866  	рассмеяться	рассмеяться	v	27.7	67.9	57.4	60.8	35.6	13.6	8.3	
3867  	рюмка	рюмка	s	27.7	34.2	49.0	63.2	22.2	9.2	13.8	
3868  	совершенствование	совершенствование	s	27.7	6.4	0.6	0.9	17.8	14.7	33.0	
3869  	солидный	солидный	a	27.7	25.9	22.4	29.8	20.8	32.6	35.6	
3870  	творить	творить	v	27.7	14.5	18.8	24.2	48.9	28.6	30.6	
3871  	энергетический	энергетический	a	27.7	1.6	1.9	3.8	10.4	9.2	42.5	
3872  	ярко	ярко	adv	27.7	39.7	31.3	27.4	37.1	32.3	25.7	
3873  	всемирный	всемирный	a	27.6	5.7	12.4	10.6	50.4	27.1	42.1	
3874  	исход	исход	s	27.6	15.9	17.8	22.1	11.9	26.8	33.7	
3875  	контрольный	контрольный	a	27.6	8.3	8.7	10.9	16.3	9.2	29.3	
3876  	ликвидация	ликвидация	s	27.6	7.8	5.0	4.4	16.3	26.1	36.9	
3877  	оболочка	оболочка	s	27.6	9.4	8.2	11.2	13.3	11.0	11.8	
3878  	общее	общее	s	27.6	33.9	40.8	29.7	5.9	19.1	27.6	
3879  	планироваться	планироваться	v	27.6	1.2	1.4	2.8	3.0	8.4	58.7	
3880  	поступление	поступление	s	27.6	3.4	3.7	6.8	8.9	16.1	38.2	
3881  	поэтический	поэтический	a	27.6	4.6	14.4	12.4	71.2	75.6	38.7	
3882  	симпатичный	симпатичный	a	27.6	21.1	29.9	35.7	20.8	27.5	30.0	
3883  	усталость	усталость	s	27.6	48.2	40.8	37.4	19.3	24.2	23.2	
3884  	уступать	уступать	v	27.6	22.9	23.3	18.7	23.7	45.1	34.7	
3885  	школьник	школьник	s	27.6	17.0	17.0	12.6	91.9	38.9	33.8	
3886  	аренда	аренда	s	27.5	0.5	0.6	7.5	3.0	12.1	43.6	
3887  	ежедневно	ежедневно	adv	27.5	15.4	19.6	16.9	105.2	57.6	39.0	
3888  	комбинат	комбинат	s	27.5	11.9	11.1	7.6	32.6	60.2	47.0	
3889  	малейший	малейший	a	27.5	28.4	26.2	39.1	50.4	30.1	27.8	
3890  	местность	местность	s	27.5	15.8	20.7	17.4	16.3	20.2	29.6	
3891  	нападение	нападение	s	27.5	19.1	10.4	17.1	19.3	31.6	39.4	
3892  	обсудить	обсудить	v	27.5	13.8	11.2	20.6	38.5	38.1	32.9	
3893  	оторвать	оторвать	v	27.5	50.7	46.2	45.5	22.2	21.3	18.3	
3894  	специфический	специфический	a	27.5	3.2	3.1	7.0	4.5	9.5	24.2	
3895  	убежать	убежать	v	27.5	59.7	57.8	47.4	20.8	24.2	13.8	
3896  	биография	биография	s	27.4	12.8	17.5	18.3	65.2	52.1	39.3	
3897  	бурный	бурный	a	27.4	13.3	20.5	22.9	59.3	48.8	35.9	
3898  	добавлять	добавлять	v	27.4	16.7	17.4	19.0	22.2	35.6	32.3	
3899  	допрос	допрос	s	27.4	40.1	32.1	30.3	11.9	66.4	24.8	
3900  	звено	звено	s	27.4	14.5	17.8	10.9	37.1	27.5	28.3	
3901  	лишение	лишение	s	27.4	5.8	6.8	5.5	17.8	25.7	26.3	
3902  	модернизация	модернизация	s	27.4	0.5	0.0	0.6	3.0	3.7	50.6	
3903  	поделиться	поделиться	v	27.4	19.5	19.6	26.8	23.7	24.2	33.9	
3904  	потянуться	потянуться	v	27.4	52.1	49.0	59.0	10.4	18.0	12.4	
3905  	футбол	футбол	s	27.4	13.5	14.8	13.3	37.1	27.1	48.7	
3906  	весенний	весенний	a	27.3	31.2	34.5	30.1	60.8	31.9	27.4	
3907  	выслушать	выслушать	v	27.3	45.2	35.3	39.4	26.7	41.8	23.4	
3908  	грипп	грипп	s	27.3	5.7	6.7	6.6	3.0	7.0	10.7	
3909  	коммунальный	коммунальный	a	27.3	5.1	10.9	13.0	8.9	23.1	50.3	
3910  	набирать	набирать	v	27.3	23.8	27.8	36.3	14.8	24.6	29.2	
3911  	отрезать	отрезать	v	27.3	35.5	42.6	49.6	17.8	23.5	19.1	
3912  	роскошный	роскошный	a	27.3	19.3	20.1	35.3	46.0	23.1	34.5	
3913  	территориальный	территориальный	a	27.3	0.0	1.4	2.2	0.0	5.5	30.2	
3914  	удобно	удобно	adv	27.3	31.2	30.1	30.5	17.8	28.6	26.4	
3915  	заботиться	заботиться	v	27.2	27.1	24.2	23.6	47.4	44.0	30.0	
3916  	запрет	запрет	s	27.2	6.9	10.7	13.7	11.9	22.4	41.5	
3917  	командировка	командировка	s	27.2	27.6	31.7	31.2	38.5	37.4	29.5	
3918  	неизбежный	неизбежный	a	27.2	25.7	17.4	20.1	37.1	39.6	34.6	
3919  	общественность	общественность	s	27.2	5.5	10.9	8.5	63.7	24.9	49.2	
3920  	почитать	почитать	v	27.2	21.1	28.5	25.5	25.2	29.7	27.0	
3921  	протест	протест	s	27.2	11.0	14.4	13.6	63.7	39.2	42.3	
3922  	суп	суп	s	27.2	54.6	32.1	32.8	8.9	37.8	19.7	
3923  	авторский	авторский	a	27.1	3.2	4.0	7.2	25.2	17.2	45.9	
3924  	вводить	вводить	v	27.1	9.2	7.9	9.1	7.4	23.9	33.0	
3925  	каша	каша	s	27.1	56.5	46.2	37.0	16.3	26.4	19.5	
3926  	командование	командование	s	27.1	33.3	24.3	8.4	44.5	54.7	39.4	
3927  	муха	муха	s	27.1	49.6	32.6	58.0	26.7	26.8	12.8	
3928  	педагог	педагог	s	27.1	3.9	11.4	10.5	29.6	33.0	39.5	
3929  	пожелать	пожелать	v	27.1	20.9	32.4	32.5	29.6	31.2	30.8	
3930  	посещать	посещать	v	27.1	16.7	19.1	21.5	54.9	30.4	36.7	
3931  	потянуть	потянуть	v	27.1	47.9	54.5	51.0	20.8	17.6	14.7	
3932  	походить	походить	v	27.1	59.0	46.2	43.6	26.7	31.6	16.3	
3933  	прижать	прижать	v	27.1	54.6	49.9	57.2	17.8	10.6	10.3	
3934  	прислушиваться	прислушиваться	v	27.1	72.3	54.6	38.9	25.2	29.4	15.4	
3935  	совершенный	совершенный	a	27.1	17.4	14.8	17.4	65.2	38.1	24.6	
3936  	торговать	торговать	v	27.1	25.5	18.0	37.0	17.8	21.6	33.0	
3937  	видение	видение	s	27.0	21.4	18.7	24.1	46.0	17.6	25.3	
3938  	гарантировать	гарантировать	v	27.0	4.8	6.7	12.7	10.4	12.1	41.7	
3939  	избавиться	избавиться	v	27.0	14.7	21.5	34.8	20.8	23.5	30.1	
3940  	интонация	интонация	s	27.0	20.4	26.7	36.4	44.5	50.6	29.0	
3941  	напряженный	напряженный	a	27.0	39.7	28.0	27.8	35.6	42.9	27.5	
3942  	общежитие	общежитие	s	27.0	42.9	32.0	30.3	13.3	39.6	27.3	
3943  	печка	печка	s	27.0	92.2	68.7	32.8	28.2	37.4	14.3	
3944  	рассуждение	рассуждение	s	27.0	23.6	18.8	17.7	28.2	29.4	22.9	
3945  	рождаться	рождаться	v	27.0	19.5	24.8	20.4	40.0	41.8	28.7	
3946  	семинар	семинар	s	27.0	5.1	9.7	7.3	38.5	22.7	39.2	
3947  	собственник	собственник	s	27.0	2.7	1.4	1.8	3.0	1.1	41.5	
3948  	спектр	спектр	s	27.0	5.0	2.8	2.7	3.0	8.8	19.6	
3949  	турист	турист	s	27.0	6.6	29.8	21.1	35.6	43.3	38.9	
3950  	шепот	шепот	s	27.0	82.8	56.4	48.9	14.8	18.0	10.4	
3951  	возрасти	возрасти	v	26.9	3.9	5.1	4.3	43.0	28.2	41.6	
3952  	молния	молния	s	26.9	42.9	39.5	42.2	20.8	9.9	16.8	
3953  	ограничить	ограничить	v	26.9	5.0	6.1	6.2	20.8	19.1	35.9	
3954  	охотник	охотник	s	26.9	58.0	54.0	28.1	48.9	52.8	22.1	
3955  	пилот	пилот	s	26.9	11.2	14.4	15.2	26.7	13.2	50.2	
3956  	плоть	плоть	s	26.9	9.9	20.1	36.3	31.1	20.9	18.6	
3957  	предлагаться	предлагаться	v	26.9	3.5	4.5	5.8	4.5	14.3	40.9	
3958  	предъявить	предъявить	v	26.9	14.2	17.6	21.2	13.3	18.7	32.7	
3959  	прятать	прятать	v	26.9	53.5	49.6	46.2	16.3	30.4	16.6	
3960  	семя	семя	s	26.9	14.5	20.1	11.7	66.7	38.9	20.1	
3961  	завершение	завершение	s	26.8	4.6	5.9	11.1	25.2	15.8	37.9	
3962  	композиция	композиция	s	26.8	2.7	6.8	7.0	46.0	17.6	32.9	
3963  	краткий	краткий	a	26.8	14.0	21.6	20.4	31.1	26.4	28.5	
3964  	крутить	крутить	v	26.8	39.4	42.0	43.7	22.2	18.7	21.3	
3965  	нежели	нежели	conj	26.8	9.2	21.9	19.3	5.9	36.7	35.0	
3966  	нормально	нормально	adv	26.8	10.5	22.9	31.9	14.8	9.5	23.5	
3967  	праздничный	праздничный	a	26.8	14.4	25.3	23.3	40.0	25.3	34.2	
3968  	разобрать	разобрать	v	26.8	43.1	37.7	43.6	20.8	24.2	18.7	
3969  	ранить	ранить	v	26.8	62.6	43.5	27.1	28.2	24.2	25.7	
3970  	самец	самец	s	26.8	4.2	4.9	7.9	7.4	2.9	4.5	
3971  	фракция	фракция	s	26.8	0.0	1.0	4.1	1.5	7.7	51.9	
3972  	череп	череп	s	26.8	41.8	29.4	59.5	13.3	16.5	10.8	
3973  	дружить	дружить	v	26.7	23.2	30.3	27.4	19.3	37.8	34.2	
3974  	неоднократно	неоднократно	adv	26.7	5.8	9.2	8.6	26.7	25.7	41.5	
3975  	подача	подача	s	26.7	5.1	3.1	6.2	13.3	13.9	29.0	
3976  	по-другому	по-другому	advpro	26.7	18.1	21.1	34.3	8.9	20.2	29.6	
3977  	подходящий	подходящий	a	26.7	26.8	25.1	29.6	25.2	34.5	26.8	
3978  	разрушение	разрушение	s	26.7	13.1	7.7	9.9	20.8	22.0	32.3	
3979  	расстаться	расстаться	v	26.7	27.5	36.1	34.5	31.1	26.4	27.2	
3980  	уставиться	уставиться	v	26.7	53.9	51.7	68.4	4.5	11.4	5.3	
3981  	бочка	бочка	s	26.6	68.4	46.3	33.9	46.0	41.5	16.2	
3982  	гараж	гараж	s	26.6	28.0	19.7	39.1	10.4	12.5	30.2	
3983  	закурить	закурить	v	26.6	84.5	61.4	56.2	3.0	13.6	5.4	
3984  	коммунизм	коммунизм	s	26.6	25.4	20.2	21.1	152.7	18.7	35.9	
3985  	неправильный	неправильный	a	26.6	13.8	15.6	21.5	40.0	39.2	28.2	
3986  	носитель	носитель	s	26.6	4.1	4.3	6.4	4.5	11.7	25.2	
3987  	обсуждаться	обсуждаться	v	26.6	4.2	6.3	5.4	35.6	27.1	41.0	
3988  	поглядывать	поглядывать	v	26.6	72.5	59.5	52.8	10.4	19.4	9.2	
3989  	подтверждение	подтверждение	s	26.6	10.1	11.8	16.0	17.8	20.5	31.4	
3990  	совокупность	совокупность	s	26.6	2.5	2.9	3.1	5.9	8.4	12.6	
3991  	тренировка	тренировка	s	26.6	10.6	9.5	8.5	31.1	18.7	48.3	
3992  	алгоритм	алгоритм	s	26.5	0.0	1.1	1.4	0.0	0.7	7.4	
3993  	глазок	глазок	s	26.5	36.9	38.8	54.3	16.3	20.2	12.3	
3994  	дожидаться	дожидаться	v	26.5	38.1	40.9	47.5	14.8	27.1	19.3	
3995  	кивать	кивать	v	26.5	62.2	48.2	52.7	7.4	16.5	12.5	
3996  	корпорация	корпорация	s	26.5	0.5	0.0	5.2	0.0	10.6	47.4	
3997  	насилие	насилие	s	26.5	17.6	11.1	17.0	5.9	31.6	36.3	
3998  	президиум	президиум	s	26.5	19.5	18.0	8.8	66.7	108.2	32.6	
3999  	принадлежность	принадлежность	s	26.5	9.2	10.7	13.8	26.7	35.6	27.8	
4000  	провод	провод	s	26.5	51.2	27.4	35.1	17.8	13.2	22.5	


