4001  	сбросить	сбросить	v	26.5	45.5	39.4	45.3	23.7	26.1	18.1	
4002  	уснуть	уснуть	v	26.5	46.8	46.5	56.6	23.7	10.6	11.1	
4003  	близость	близость	s	26.4	19.7	20.9	24.5	32.6	25.7	22.8	
4004  	возрождение	возрождение	s	26.4	3.4	4.1	7.6	43.0	19.1	43.3	
4005  	заключенный	заключенный	s	26.4	85.2	28.0	9.5	3.0	60.5	31.3	
4006  	кружка	кружка	s	26.4	60.3	50.3	43.3	25.2	22.4	15.4	
4007  	мяч	мяч	s	26.4	29.1	26.2	27.1	29.6	17.2	32.3	
4008  	неведомый	неведомый	a	26.4	26.1	34.0	42.9	37.1	30.1	22.4	
4009  	референдум	референдум	s	26.4	0.0	0.0	0.7	8.9	0.4	39.2	
4010  	сниться	сниться	v	26.4	30.1	46.0	46.6	31.1	16.1	16.0	
4011  	сосуд	сосуд	s	26.4	23.6	11.2	18.5	8.9	9.9	17.2	
4012  	спальня	спальня	s	26.4	17.2	17.4	56.9	22.2	24.6	20.7	
4013  	бесплатный	бесплатный	a	26.3	5.1	8.8	15.7	14.8	19.1	43.0	
4014  	бормотать	бормотать	v	26.3	53.7	56.3	60.0	10.4	16.5	7.7	
4015  	диск	диск	s	26.3	23.0	16.9	13.5	8.9	7.3	38.5	
4016  	мудрый	мудрый	a	26.3	27.1	26.7	26.2	56.3	30.8	30.6	
4017  	переехать	переехать	v	26.3	24.6	19.1	26.4	43.0	38.5	34.5	
4018  	послышаться	послышаться	v	26.3	69.5	61.8	57.0	3.0	11.4	6.2	
4019  	поэма	поэма	s	26.3	9.0	16.8	8.9	154.2	66.0	37.7	
4020  	принципиально	принципиально	adv	26.3	6.2	4.0	8.2	1.5	14.7	36.0	
4021  	противоречить	противоречить	v	26.3	11.5	8.2	8.0	16.3	27.9	29.6	
4022  	размещение	размещение	s	26.3	1.6	1.5	1.2	11.9	8.1	34.6	
4023  	расширить	расширить	v	26.3	9.0	8.8	9.7	20.8	22.0	28.6	
4024  	свойственный	свойственный	a	26.3	24.1	17.8	15.9	41.5	40.4	29.1	
4025  	силовой	силовой	a	26.3	4.4	2.8	5.9	4.5	5.1	50.8	
4026  	склон	склон	s	26.3	36.0	32.7	29.8	31.1	31.6	19.1	
4027  	уточнить	уточнить	v	26.3	14.0	23.3	41.1	4.5	14.7	22.8	
4028  	юбка	юбка	s	26.3	42.9	32.9	51.8	20.8	17.6	16.7	
4029  	акцент	акцент	s	26.2	9.6	16.1	21.7	11.9	20.9	32.3	
4030  	ванная	ванная	s	26.2	19.5	31.3	65.2	8.9	7.7	12.8	
4031  	вкусный	вкусный	a	26.2	34.7	24.3	32.7	28.2	30.1	24.0	
4032  	инвалид	инвалид	s	26.2	18.3	29.3	21.2	20.8	21.6	35.8	
4033  	лавка	лавка	s	26.2	49.5	45.5	45.5	11.9	34.1	16.5	
4034  	механический	механический	a	26.2	17.7	9.1	10.6	35.6	13.2	24.5	
4035  	мучить	мучить	v	26.2	40.1	44.1	37.8	19.3	31.2	20.4	
4036  	ограниченный	ограниченный	a	26.2	9.0	6.7	7.3	14.8	18.7	29.6	
4037  	пар	пар	s	26.2	48.2	37.4	31.5	13.3	21.3	16.3	
4038  	платформа	платформа	s	26.2	29.9	32.5	24.7	17.8	27.5	27.2	
4039  	сниматься	сниматься	v	26.2	8.2	10.2	9.8	10.4	54.7	48.8	
4040  	триста	триста	num	26.2	38.8	29.7	38.1	23.7	37.0	18.7	
4041  	уверять	уверять	v	26.2	29.4	27.2	33.1	31.1	32.6	30.2	
4042  	финансы	финансы	s	26.2	3.0	1.7	5.8	7.4	9.9	47.0	
4043  	цепочка	цепочка	s	26.2	32.6	24.4	28.9	5.9	18.3	22.0	
4044  	бокал	бокал	s	26.1	16.7	30.1	58.6	13.3	16.9	17.8	
4045  	бросаться	бросаться	v	26.1	43.2	39.1	33.7	23.7	35.2	23.6	
4046  	грустно	грустно	adv	26.1	58.7	54.5	38.1	17.8	26.8	16.7	
4047  	дескать	дескать	adv	26.1	10.6	34.8	36.5	23.7	29.7	30.9	
4048  	жуткий	жуткий	a	26.1	20.4	30.2	44.2	7.4	13.2	24.3	
4049  	кисть	кисть	s	26.1	34.0	31.6	38.6	38.5	25.7	17.2	
4050  	отложить	отложить	v	26.1	34.9	31.2	33.3	16.3	25.3	25.9	
4051  	отмечаться	отмечаться	v	26.1	1.6	3.6	3.2	22.2	23.5	25.7	
4052  	подбородок	подбородок	s	26.1	66.1	53.6	53.2	16.3	13.9	8.2	
4053  	разбудить	разбудить	v	26.1	52.8	46.2	46.2	23.7	24.6	14.7	
4054  	распространяться	распространяться	v	26.1	9.6	12.4	12.6	20.8	21.6	29.4	
4055  	бар	бар	s	26.0	15.6	14.1	49.4	26.7	15.0	26.2	
4056  	вопреки	вопреки	pr	26.0	12.4	16.6	19.4	17.8	24.2	38.5	
4057  	голосование	голосование	s	26.0	4.1	6.9	5.0	26.7	19.8	41.5	
4058  	идиот	идиот	s	26.0	21.6	29.5	56.9	14.8	11.0	15.8	
4059  	инфекция	инфекция	s	26.0	5.3	1.7	2.5	8.9	2.2	12.6	
4060  	килограмм	килограмм	s	26.0	19.9	21.5	21.4	80.0	36.0	31.4	
4061  	койка	койка	s	26.0	91.1	48.1	38.9	25.2	37.0	13.1	
4062  	облегчение	облегчение	s	26.0	37.8	40.5	45.3	31.1	30.1	15.8	
4063  	петербургский	петербургский	a	26.0	2.3	13.3	15.8	174.9	26.1	34.1	
4064  	привлечение	привлечение	s	26.0	1.9	1.5	1.9	1.5	12.5	36.9	
4065  	рай	рай	s	26.0	15.8	21.9	41.1	35.6	17.2	23.4	
4066  	смелый	смелый	a	26.0	42.0	32.7	21.0	46.0	40.7	29.0	
4067  	трибуна	трибуна	s	26.0	22.0	32.7	23.9	75.6	42.5	35.0	
4068  	тяжкий	тяжкий	a	26.0	18.8	29.7	23.6	32.6	26.4	28.4	
4069  	удержаться	удержаться	v	26.0	37.0	42.2	44.2	44.5	22.4	19.2	
4070  	жаркий	жаркий	a	25.9	38.6	38.4	37.8	32.6	31.9	21.3	
4071  	заявка	заявка	s	25.9	6.9	5.9	4.3	16.3	13.2	31.2	
4072  	медленный	медленный	a	25.9	40.9	26.6	29.2	31.1	16.9	22.7	
4073  	обычай	обычай	s	25.9	21.8	20.3	25.4	43.0	50.3	24.2	
4074  	пострадать	пострадать	v	25.9	14.7	15.2	20.4	4.5	23.5	39.0	
4075  	резерв	резерв	s	25.9	17.6	20.1	8.0	26.7	38.5	37.7	
4076  	сократить	сократить	v	25.9	5.3	7.9	8.0	29.6	18.0	43.1	
4077  	тесно	тесно	adv	25.9	29.6	18.8	20.6	40.0	39.6	24.5	
4078  	точно	точно	part	25.9	37.9	38.1	47.8	10.4	14.3	15.7	
4079  	тур	тур	s	25.9	2.3	3.6	5.0	31.1	15.4	53.6	
4080  	якорь	якорь	s	25.9	9.0	18.0	6.9	10.4	7.0	4.1	
4081  	диплом	диплом	s	25.8	14.2	19.4	17.6	22.2	27.5	36.3	
4082  	дрова	дрова	s	25.8	54.4	56.4	30.6	31.1	51.4	17.6	
4083  	живопись	живопись	s	25.8	15.1	17.3	13.3	148.2	42.9	33.5	
4084  	красиво	красиво	adv	25.8	31.2	32.5	33.0	26.7	29.4	24.8	
4085  	ошибаться	ошибаться	v	25.8	35.1	38.4	31.6	23.7	33.0	22.5	
4086  	продаваться	продаваться	v	25.8	8.7	11.1	14.7	22.2	23.1	43.4	
4087  	прощаться	прощаться	v	25.8	46.1	42.7	38.0	29.6	33.4	21.0	
4088  	такой-то	такой-то	apro	25.8	22.1	48.6	23.2	14.8	59.1	23.8	
4089  	учительница	учительница	s	25.8	25.9	41.7	43.1	23.7	20.2	20.2	
4090  	ядро	ядро	s	25.8	9.4	10.1	6.9	14.8	24.2	15.8	
4091  	ворот	ворот	s	25.7	53.4	39.6	42.5	17.8	21.6	16.3	
4092  	годовой	годовой	a	25.7	5.1	4.0	4.6	40.0	16.9	40.3	
4093  	загадка	загадка	s	25.7	17.9	27.8	30.0	16.3	28.6	28.1	
4094  	заметка	заметка	s	25.7	18.4	22.0	12.9	54.9	38.9	38.6	
4095  	недолго	недолго	adv	25.7	29.6	31.5	37.9	34.1	29.4	25.3	
4096  	неподалеку	неподалеку	adv	25.7	28.5	28.6	38.1	20.8	29.0	25.9	
4097  	окошко	окошко	s	25.7	54.4	52.2	46.1	22.2	32.6	13.2	
4098  	опора	опора	s	25.7	17.7	15.6	15.2	26.7	27.9	34.2	
4099  	приватизация	приватизация	s	25.7	0.0	0.0	7.1	0.0	0.0	50.6	
4100  	просыпаться	просыпаться	v	25.7	38.1	41.4	46.8	11.9	21.3	13.8	
4101  	сметь	сметь	v	25.7	59.9	53.0	39.6	23.7	27.1	14.1	
4102  	сорвать	сорвать	v	25.7	45.0	40.2	37.6	37.1	24.2	21.1	
4103  	универсальный	универсальный	a	25.7	5.7	4.6	5.9	14.8	10.3	29.1	
4104  	учеба	учеба	s	25.7	10.5	10.2	12.2	78.6	36.3	36.8	
4105  	христов	христов	a	25.7	2.1	3.6	5.3	3.0	2.6	15.0	
4106  	шинель	шинель	s	25.7	118.9	66.2	27.4	19.3	40.7	9.8	
4107  	запереть	запереть	v	25.6	49.1	45.7	53.7	16.3	19.4	11.7	
4108  	исключать	исключать	v	25.6	7.1	9.1	12.0	4.5	19.1	33.0	
4109  	конструктор	конструктор	s	25.6	20.4	12.5	5.4	17.8	26.4	43.3	
4110  	личной	личной	a	25.6	11.9	13.8	18.2	32.6	37.0	35.4	
4111  	наметить	наметить	v	25.6	18.4	13.9	12.7	59.3	38.5	35.5	
4112  	ноготь	ноготь	s	25.6	40.4	35.8	46.4	17.8	11.0	11.0	
4113  	предупреждение	предупреждение	s	25.6	12.9	14.1	16.6	14.8	18.0	29.1	
4114  	преподобный	преподобный	a	25.6	0.7	1.0	1.6	0.0	2.6	17.9	
4115  	приложить	приложить	v	25.6	33.3	31.9	31.7	31.1	19.1	20.8	
4116  	сохраняться	сохраняться	v	25.6	4.4	7.4	5.7	19.3	23.9	29.4	
4117  	формальный	формальный	a	25.6	5.3	5.0	6.8	43.0	17.6	26.9	
4118  	выехать	выехать	v	25.5	37.9	32.1	31.9	28.2	52.5	25.5	
4119  	годиться	годиться	v	25.5	38.8	41.0	34.3	16.3	36.3	21.5	
4120  	залить	залить	v	25.5	41.3	32.1	34.4	13.3	29.4	22.6	
4121  	коричневый	коричневый	a	25.5	53.0	40.3	38.7	28.2	17.2	14.3	
4122  	кровавый	кровавый	a	25.5	19.9	21.7	36.2	37.1	23.5	29.5	
4123  	либеральный	либеральный	a	25.5	1.6	2.8	5.8	16.3	9.2	52.5	
4124  	наивный	наивный	a	25.5	21.8	29.4	25.1	44.5	41.8	30.0	
4125  	национальность	национальность	s	25.5	6.4	10.2	14.7	56.3	28.2	39.0	
4126  	отечество	отечество	s	25.5	5.3	20.1	16.5	8.9	25.7	41.3	
4127  	топор	топор	s	25.5	66.8	55.5	38.2	26.7	27.9	14.1	
4128  	физик	физик	s	25.5	31.7	37.6	13.7	17.8	34.9	19.1	
4129  	филиал	филиал	s	25.5	5.5	2.9	7.3	8.9	12.1	44.5	
4130  	барон	барон	s	25.4	30.3	29.3	63.9	11.9	6.2	11.7	
4131  	владыка	владыка	s	25.4	40.9	7.0	22.7	0.0	6.2	23.0	
4132  	диаметр	диаметр	s	25.4	5.7	4.0	4.1	3.0	13.9	22.6	
4133  	жирный	жирный	a	25.4	36.0	28.0	38.8	16.3	18.3	16.1	
4134  	застать	застать	v	25.4	34.0	29.8	39.1	29.6	45.5	22.9	
4135  	конверт	конверт	s	25.4	38.8	33.5	43.9	11.9	22.4	17.2	
4136  	митрополит	митрополит	s	25.4	1.1	1.7	8.2	7.4	17.6	28.3	
4137  	одобрить	одобрить	v	25.4	14.4	15.6	17.2	29.6	28.2	35.9	
4138  	осознать	осознать	v	25.4	13.5	22.6	31.1	26.7	20.9	26.9	
4139  	пляж	пляж	s	25.4	22.9	30.9	33.3	62.3	26.8	25.4	
4140  	покрытие	покрытие	s	25.4	3.0	3.8	3.1	0.0	5.9	32.6	
4141  	светиться	светиться	v	25.4	52.6	48.9	44.5	16.3	20.2	13.7	
4142  	снежный	снежный	a	25.4	45.7	41.8	29.6	66.7	28.6	21.8	
4143  	спортсмен	спортсмен	s	25.4	10.8	11.5	10.2	99.3	38.9	44.2	
4144  	тест	тест	s	25.4	2.1	3.5	6.7	3.0	3.7	28.4	
4145  	усесться	усесться	v	25.4	63.5	42.5	57.3	8.9	18.0	8.2	
4146  	эмоциональный	эмоциональный	a	25.4	5.3	6.9	8.4	23.7	26.8	32.5	
4147  	барак	барак	s	25.3	73.5	40.4	27.3	10.4	66.8	21.3	
4148  	болото	болото	s	25.3	50.9	33.5	37.8	44.5	26.1	17.8	
4149  	девятый	девятый	anum	25.3	33.3	40.2	33.9	22.2	36.7	21.2	
4150  	десятый	десятый	anum	25.3	29.6	32.6	29.3	23.7	42.5	24.6	
4151  	евангелие	евангелие	s	25.3	2.8	6.7	7.3	14.8	10.6	12.0	
4152  	искренний	искренний	a	25.3	19.5	20.2	23.2	53.4	37.4	32.9	
4153  	кукла	кукла	s	25.3	21.1	18.9	34.1	23.7	12.8	29.4	
4154  	отпускать	отпускать	v	25.3	31.6	37.6	38.6	14.8	26.8	21.0	
4155  	поправить	поправить	v	25.3	52.6	46.9	48.7	13.3	19.4	12.6	
4156  	прекращение	прекращение	s	25.3	2.8	1.7	2.4	7.4	16.1	21.3	
4157  	семьдесят	семьдесят	num	25.3	36.0	37.2	33.4	35.6	39.6	22.1	
4158  	совершение	совершение	s	25.3	1.1	2.3	2.9	1.5	4.0	20.3	
4159  	старшина	старшина	s	25.3	119.1	69.1	24.3	1.5	20.5	7.2	
4160  	устанавливаться	устанавливаться	v	25.3	1.9	2.4	1.8	4.5	8.1	22.7	
4161  	эволюция	эволюция	s	25.3	9.8	9.8	4.9	23.7	13.2	17.8	
4162  	выводить	выводить	v	25.2	22.7	24.8	24.2	25.2	37.8	26.3	
4163  	германский	германский	a	25.2	39.0	15.2	10.9	37.1	18.7	35.2	
4164  	жених	жених	s	25.2	40.9	53.7	39.1	14.8	14.3	14.7	
4165  	задумать	задумать	v	25.2	22.3	20.3	29.6	28.2	39.2	29.6	
4166  	исключительно	исключительно	part	25.2	8.9	7.9	19.2	29.6	11.4	37.5	
4167  	лозунг	лозунг	s	25.2	9.2	13.7	12.6	51.9	46.6	43.2	
4168  	носок	носок	s	25.2	50.5	41.2	44.1	14.8	15.4	13.5	
4169  	охранять	охранять	v	25.2	24.6	21.4	26.0	19.3	24.2	24.7	
4170  	патрон	патрон	s	25.2	32.4	33.0	34.6	7.4	14.7	25.0	
4171  	поручение	поручение	s	25.2	34.0	17.1	13.8	22.2	38.9	26.5	
4172  	сыворотка	сыворотка	s	25.2	2.1	0.9	0.7	4.5	0.0	3.2	
4173  	медный	медный	a	25.1	37.8	28.9	33.9	38.5	21.6	20.3	
4174  	неудача	неудача	s	25.1	30.8	20.7	16.3	32.6	38.9	31.8	
4175  	одиннадцать	одиннадцать	num	25.1	34.0	31.5	36.3	44.5	31.6	22.4	
4176  	отнять	отнять	v	25.1	35.1	32.4	36.7	13.3	26.4	21.2	
4177  	пермский	пермский	a	25.1	1.4	2.2	10.7	3.0	5.9	47.1	
4178  	послужить	послужить	v	25.1	13.7	10.2	13.5	38.5	25.7	32.3	
4179  	продемонстрировать	продемонстрировать	v	25.1	5.7	8.1	13.8	8.9	17.6	40.7	
4180  	рассвет	рассвет	s	25.1	49.3	52.8	39.1	43.0	22.0	16.8	
4181  	сволочь	сволочь	s	25.1	42.2	46.0	59.2	8.9	9.9	8.2	
4182  	стабильность	стабильность	s	25.1	0.3	1.9	2.7	0.0	4.8	38.2	
4183  	телевизионный	телевизионный	a	25.1	4.4	7.7	17.5	10.4	26.4	44.0	
4184  	эфир	эфир	s	25.1	5.7	19.4	19.1	14.8	8.4	36.2	
4185  	всюду	всюду	advpro	25.0	34.4	40.9	29.0	54.9	53.9	23.1	
4186  	мелодия	мелодия	s	25.0	22.7	25.8	24.5	28.2	35.2	32.7	
4187  	обувь	обувь	s	25.0	10.8	23.3	23.8	17.8	33.0	27.8	
4188  	по-своему	по-своему	advpro	25.0	29.6	33.4	25.4	44.5	34.1	27.3	
4189  	преследовать	преследовать	v	25.0	22.7	23.3	25.4	40.0	30.8	29.3	
4190  	приветствовать	приветствовать	v	25.0	32.4	21.6	23.0	44.5	24.6	27.6	
4191  	римский	римский	a	25.0	11.5	16.0	16.9	17.8	13.2	23.0	
4192  	секретный	секретный	a	25.0	40.8	19.6	23.1	5.9	17.6	28.1	
4193  	сталкиваться	сталкиваться	v	25.0	16.3	17.5	14.2	13.3	31.6	31.3	
4194  	ширина	ширина	s	25.0	8.9	9.5	10.7	17.8	18.3	20.0	
4195  	благоприятный	благоприятный	a	24.9	6.9	7.4	5.7	13.3	27.1	33.8	
4196  	гастроли	гастроли	s	24.9	1.2	8.4	8.6	26.7	45.9	52.6	
4197  	ежегодно	ежегодно	adv	24.9	1.6	3.8	2.4	17.8	31.6	43.4	
4198  	заново	заново	adv	24.9	21.6	20.6	25.9	17.8	53.6	25.6	
4199  	намек	намек	s	24.9	20.6	32.4	35.2	26.7	26.8	24.9	
4200  	первоначальный	первоначальный	a	24.9	5.7	7.3	9.4	14.8	13.6	29.8	
4201  	поместить	поместить	v	24.9	14.4	15.6	15.9	50.4	36.0	28.1	
4202  	раб	раб	s	24.9	19.3	24.0	33.8	26.7	15.4	21.7	
4203  	раздражение	раздражение	s	24.9	32.6	33.1	38.5	14.8	20.9	19.7	
4204  	раненый	раненый	s	24.9	76.9	45.9	25.5	13.3	20.5	22.2	
4205  	внимательный	внимательный	a	24.8	28.7	24.8	26.8	29.6	27.9	26.2	
4206  	запустить	запустить	v	24.8	17.6	20.3	31.1	28.2	15.4	30.3	
4207  	котел	котел	s	24.8	32.8	28.4	22.5	23.7	21.6	17.2	
4208  	кремлевский	кремлевский	a	24.8	5.1	5.1	10.7	31.1	20.5	48.9	
4209  	мастерство	мастерство	s	24.8	9.8	9.6	10.5	108.2	55.8	39.5	
4210  	освоение	освоение	s	24.8	2.3	1.7	2.0	16.3	34.5	31.8	
4211  	полнота	полнота	s	24.8	11.2	9.6	13.9	23.7	23.1	17.8	
4212  	принц	принц	s	24.8	13.5	16.8	49.5	28.2	14.7	21.5	
4213  	присущий	присущий	a	24.8	7.6	8.9	11.3	20.8	47.7	26.3	
4214  	пруд	пруд	s	24.8	23.0	23.5	33.6	29.6	16.9	25.1	
4215  	развернуться	развернуться	v	24.8	23.8	24.9	40.9	28.2	31.2	22.6	
4216  	стальной	стальной	a	24.8	36.0	32.7	31.4	34.1	18.3	22.5	
4217  	колебание	колебание	s	24.7	18.8	12.8	12.8	29.6	22.0	19.8	
4218  	ловко	ловко	adv	24.7	49.6	44.5	50.1	26.7	21.6	11.8	
4219  	рядовой	рядовой	a	24.7	20.0	19.6	18.9	25.2	24.6	36.5	
4220  	снаряд	снаряд	s	24.7	86.1	42.7	16.5	26.7	41.1	22.2	
4221  	сформировать	сформировать	v	24.7	4.4	1.5	3.3	4.5	11.0	36.5	
4222  	давить	давить	v	24.6	31.6	41.6	36.7	14.8	12.8	19.5	
4223  	зелень	зелень	s	24.6	28.2	29.9	29.4	23.7	40.7	21.0	
4224  	индивид	индивид	s	24.6	3.5	0.8	2.8	0.0	2.2	6.6	
4225  	лук	лук	s	24.6	19.1	28.8	24.9	16.3	34.5	20.7	
4226  	некогда	некогда	advpro	24.6	24.3	24.9	28.4	23.7	28.2	27.7	
4227  	оправдать	оправдать	v	24.6	21.4	16.2	15.8	32.6	36.3	31.2	
4228  	печатать	печатать	v	24.6	18.8	27.6	21.0	43.0	44.8	31.6	
4229  	подчиняться	подчиняться	v	24.6	27.5	24.2	22.8	23.7	27.9	20.7	
4230  	популярность	популярность	s	24.6	1.6	4.7	5.4	28.2	29.0	47.7	
4231  	поражать	поражать	v	24.6	19.0	15.9	15.7	38.5	45.5	33.0	
4232  	предвыборный	предвыборный	a	24.6	0.0	0.9	9.2	4.5	4.0	55.5	
4233  	применить	применить	v	24.6	12.8	8.6	9.3	29.6	22.4	27.3	
4234  	пушка	пушка	s	24.6	72.3	43.6	26.5	20.8	30.8	19.0	
4235  	свое	свое	spro	24.6	42.7	44.6	31.9	26.7	20.2	18.2	
4236  	скрытый	скрытый	a	24.6	19.7	22.0	19.5	11.9	28.2	25.3	
4237  	ток	ток	s	24.6	22.7	16.1	14.3	20.8	11.7	14.9	
4238  	угу	угу	intj	24.6	5.1	8.1	14.2	1.5	0.0	0.0	
4239  	фантастический	фантастический	a	24.6	19.9	21.5	19.9	40.0	28.2	32.4	
4240  	безумный	безумный	a	24.5	26.1	27.5	41.5	34.1	15.8	21.0	
4241  	благодарный	благодарный	a	24.5	20.9	24.9	26.1	25.2	22.0	28.4	
4242  	вылезти	вылезти	v	24.5	62.9	50.4	47.2	13.3	7.3	9.5	
4243  	закрепить	закрепить	v	24.5	12.2	12.5	8.7	17.8	16.5	30.0	
4244  	крем	крем	s	24.5	4.2	4.9	11.7	1.5	11.0	22.8	
4245  	направляться	направляться	v	24.5	22.9	26.4	22.1	20.8	20.9	21.5	
4246  	одинаково	одинаково	adv	24.5	26.6	30.6	23.6	41.5	30.8	24.1	
4247  	пароход	пароход	s	24.5	95.7	50.5	15.2	51.9	61.3	17.3	
4248  	сверкать	сверкать	v	24.5	57.2	44.2	42.9	23.7	23.9	13.8	
4249  	снизить	снизить	v	24.5	3.7	3.5	3.6	17.8	13.2	41.9	
4250  	сравнивать	сравнивать	v	24.5	14.5	17.9	17.1	20.8	33.0	27.9	
4251  	вздрогнуть	вздрогнуть	v	24.4	64.0	49.8	56.9	11.9	5.9	5.8	
4252  	воспринять	воспринять	v	24.4	8.3	16.0	15.0	17.8	28.2	33.1	
4253  	драгоценный	драгоценный	a	24.4	26.9	22.4	26.2	35.6	31.6	23.1	
4254  	забить	забить	v	24.4	25.9	29.8	33.4	7.4	24.6	23.6	
4255  	звон	звон	s	24.4	41.3	54.7	38.7	22.2	16.9	13.1	
4256  	инфраструктура	инфраструктура	s	24.4	0.0	0.0	0.6	0.0	0.0	36.0	
4257  	машинка	машинка	s	24.4	35.8	39.6	36.1	19.3	28.2	18.8	
4258  	обещание	обещание	s	24.4	18.8	18.9	23.6	32.6	20.9	33.7	
4259  	препятствие	препятствие	s	24.4	15.9	12.3	13.9	13.3	18.0	29.9	
4260  	приблизиться	приблизиться	v	24.4	38.3	37.0	42.0	17.8	12.5	16.2	
4261  	придать	придать	v	24.4	23.2	17.1	23.3	23.7	26.8	28.1	
4262  	прилететь	прилететь	v	24.4	22.9	29.4	29.8	20.8	36.3	30.0	
4263  	слушатель	слушатель	s	24.4	20.9	16.4	13.0	62.3	40.0	34.3	
4264  	супруга	супруга	s	24.4	14.9	26.7	34.5	10.4	15.4	25.4	
4265  	уложить	уложить	v	24.4	45.4	29.7	37.9	35.6	25.3	18.1	
4266  	бедро	бедро	s	24.3	25.5	27.0	44.2	7.4	8.8	13.7	
4267  	иллюзия	иллюзия	s	24.3	9.8	16.1	19.3	23.7	30.8	32.9	
4268  	максимально	максимально	adv	24.3	1.1	2.2	5.7	3.0	8.8	36.7	
4269  	накрыть	накрыть	v	24.3	38.1	38.9	42.1	19.3	20.9	17.0	
4270  	наслаждение	наслаждение	s	24.3	29.9	28.5	35.0	38.5	25.7	18.9	
4271  	обожать	обожать	v	24.3	12.4	25.1	31.9	31.1	15.0	28.8	
4272  	осторожный	осторожный	a	24.3	33.0	34.4	36.0	17.8	15.4	21.6	
4273  	пейзаж	пейзаж	s	24.3	11.2	26.6	27.4	57.8	39.2	26.9	
4274  	передо	передо	pr	24.3	33.0	38.1	34.6	57.8	47.7	19.8	
4275  	поделать	поделать	v	24.3	44.3	43.5	34.9	23.7	20.9	19.0	
4276  	разделение	разделение	s	24.3	3.9	1.5	4.2	1.5	11.7	26.5	
4277  	упражнение	упражнение	s	24.3	11.5	11.4	10.3	34.1	18.3	28.6	
4278  	внешне	внешне	adv	24.2	14.2	17.1	18.9	34.1	46.2	31.0	
4279  	внешность	внешность	s	24.2	17.7	23.9	29.9	56.3	35.6	24.6	
4280  	гвоздь	гвоздь	s	24.2	57.4	43.9	36.3	20.8	29.4	15.6	
4281  	гордый	гордый	a	24.2	35.5	40.8	33.4	22.2	19.1	21.7	
4282  	гостиная	гостиная	s	24.2	16.5	24.6	49.6	29.6	20.5	20.0	
4283  	недоумение	недоумение	s	24.2	39.0	30.3	32.8	28.2	22.0	21.0	
4284  	ночевать	ночевать	v	24.2	42.4	40.0	39.8	28.2	34.5	17.0	
4285  	обширный	обширный	a	24.2	17.0	12.9	17.5	38.5	38.1	23.4	
4286  	отыскать	отыскать	v	24.2	30.3	38.6	38.9	19.3	24.9	18.6	
4287  	свыше	свыше	pr	24.2	5.8	7.3	3.0	46.0	31.6	37.4	
4288  	частично	частично	adv	24.2	4.4	7.8	9.7	10.4	16.1	27.4	
4289  	эй	эй	intj	24.2	60.1	48.6	55.5	10.4	8.4	5.7	
4290  	восприниматься	восприниматься	v	24.1	7.4	8.9	8.8	23.7	22.0	33.8	
4291  	выдвинуть	выдвинуть	v	24.1	23.2	12.5	11.3	31.1	57.6	31.0	
4292  	ласковый	ласковый	a	24.1	49.5	41.6	36.6	29.6	28.2	14.4	
4293  	одетый	одетый	a	24.1	36.3	33.2	38.9	34.1	34.5	19.1	
4294  	порыв	порыв	s	24.1	30.8	30.2	34.6	44.5	31.9	20.4	
4295  	пребывать	пребывать	v	24.1	6.9	25.2	30.9	16.3	10.6	23.7	
4296  	сетка	сетка	s	24.1	37.2	25.3	18.4	31.1	19.8	22.9	
4297  	союзник	союзник	s	24.1	27.1	6.9	11.3	5.9	36.3	40.5	
4298  	студенческий	студенческий	a	24.1	13.8	22.1	18.9	29.6	55.8	30.6	
4299  	автоматический	автоматический	a	24.0	16.5	7.7	5.9	11.9	6.2	30.7	
4300  	безопасный	безопасный	a	24.0	14.9	12.9	16.4	8.9	11.7	26.8	
4301  	возрастать	возрастать	v	24.0	6.9	7.2	6.2	26.7	22.4	24.0	
4302  	вольный	вольный	a	24.0	20.7	33.4	22.7	40.0	40.0	27.9	
4303  	вследствие	вследствие	pr	24.0	7.1	5.1	6.6	20.8	12.8	18.7	
4304  	мобильный	мобильный	a	24.0	0.0	0.9	21.0	3.0	2.6	36.3	
4305  	невысокий	невысокий	a	24.0	24.3	22.5	30.5	25.2	23.1	21.7	
4306  	подсказать	подсказать	v	24.0	24.5	28.4	35.4	25.2	16.5	17.1	
4307  	поставщик	поставщик	s	24.0	0.9	2.6	4.1	14.8	9.9	38.8	
4308  	проход	проход	s	24.0	43.6	24.8	36.5	16.3	47.0	14.7	
4309  	решительный	решительный	a	24.0	27.5	30.7	25.3	32.6	30.1	25.4	
4310  	советник	советник	s	24.0	14.2	11.4	17.9	10.4	14.3	39.3	
4311  	что-либо	что-либо	spro	24.0	24.6	25.6	20.9	34.1	42.5	23.6	
4312  	бесконечно	бесконечно	adv	23.9	29.1	21.1	24.4	38.5	34.1	21.5	
4313  	влажный	влажный	a	23.9	45.9	37.0	42.6	32.6	18.7	11.5	
4314  	вручить	вручить	v	23.9	22.7	19.1	23.6	20.8	26.1	32.2	
4315  	гладкий	гладкий	a	23.9	46.4	33.8	32.1	31.1	22.4	15.4	
4316  	дурацкий	дурацкий	a	23.9	27.6	43.6	50.0	28.2	8.8	12.3	
4317  	квалификация	квалификация	s	23.9	4.1	4.3	5.1	17.8	18.7	35.2	
4318  	колодец	колодец	s	23.9	34.9	30.3	31.3	13.3	9.5	26.4	
4319  	пенсионер	пенсионер	s	23.9	10.6	8.3	13.6	10.4	12.8	45.5	
4320  	прочный	прочный	a	23.9	20.7	16.6	15.6	41.5	35.2	26.2	
4321  	раздражать	раздражать	v	23.9	28.9	29.5	31.9	34.1	21.6	22.9	
4322  	реплика	реплика	s	23.9	7.8	12.3	23.6	14.8	55.8	27.7	
4323  	сарай	сарай	s	23.9	40.8	44.1	46.7	22.2	20.9	12.8	
4324  	словарь	словарь	s	23.9	6.2	13.8	12.2	34.1	24.9	24.6	
4325  	туча	туча	s	23.9	47.1	49.1	41.2	25.2	27.1	12.7	
4326  	увеличиваться	увеличиваться	v	23.9	8.9	7.5	5.4	16.3	11.4	27.6	
4327  	шуметь	шуметь	v	23.9	74.8	53.2	33.4	26.7	23.5	11.9	
4328  	возить	возить	v	23.8	34.2	33.0	28.0	34.1	30.8	24.7	
4329  	изнутри	изнутри	adv	23.8	19.5	28.4	40.0	11.9	15.8	18.8	
4330  	мудрость	мудрость	s	23.8	24.3	19.6	22.0	23.7	34.5	25.4	
4331  	опрос	опрос	s	23.8	1.8	1.7	3.6	3.0	12.8	35.6	
4332  	подполковник	подполковник	s	23.8	48.9	57.8	28.9	11.9	10.6	20.8	
4333  	попросту	попросту	adv	23.8	18.8	17.6	29.7	13.3	36.3	27.9	
4334  	провинция	провинция	s	23.8	4.2	8.8	14.2	35.6	31.9	37.3	
4335  	простор	простор	s	23.8	26.6	27.1	24.8	26.7	47.0	24.8	
4336  	прочь	прочь	adv	23.8	30.1	39.4	51.4	28.2	19.1	12.2	
4337  	слон	слон	s	23.8	29.1	30.6	27.1	16.3	16.5	24.6	
4338  	чин	чин	s	23.8	19.9	26.9	24.7	26.7	36.3	24.3	
4339  	ад	ад	s	23.7	14.0	23.3	29.1	38.5	20.2	19.9	
4340  	альбом	альбом	s	23.7	14.9	20.3	20.1	43.0	16.9	34.2	
4341  	вена	вена	s	23.7	10.3	16.1	22.3	32.6	17.2	23.3	
4342  	направлять	направлять	v	23.7	15.1	12.2	10.5	35.6	30.8	27.4	
4343  	обследование	обследование	s	23.7	5.1	4.6	4.9	7.4	11.0	13.5	
4344  	святой	святой	s	23.7	8.5	8.3	9.7	26.7	9.2	16.9	
4345  	старт	старт	s	23.7	3.7	12.3	4.6	17.8	15.0	47.8	
4346  	тепло	тепло	adv	23.7	43.6	36.2	31.7	40.0	27.5	18.1	
4347  	шкура	шкура	s	23.7	34.9	40.3	31.3	25.2	18.3	17.6	
4348  	антитело	антитело	s	23.6	0.3	0.0	0.0	0.0	1.1	1.2	
4349  	бесплатно	бесплатно	adv	23.6	10.3	12.4	17.9	4.5	13.6	34.4	
4350  	близкие	близкие	s	23.6	14.0	12.8	19.0	26.7	32.6	31.5	
4351  	вспышка	вспышка	s	23.6	31.9	23.9	24.5	34.1	18.3	15.6	
4352  	драка	драка	s	23.6	26.9	31.9	36.9	37.1	22.0	22.1	
4353  	ласково	ласково	adv	23.6	67.7	49.8	42.9	14.8	15.0	9.8	
4354  	младенец	младенец	s	23.6	17.6	27.5	37.9	19.3	16.1	18.6	
4355  	нажать	нажать	v	23.6	42.0	37.6	47.2	10.4	8.8	11.6	
4356  	нестись	нестись	v	23.6	48.0	36.7	44.6	31.1	22.0	13.0	
4357  	нота	нота	s	23.6	18.1	28.3	22.3	28.2	31.2	30.9	
4358  	оппозиция	оппозиция	s	23.6	3.7	2.9	6.5	7.4	34.9	46.2	
4359  	пособие	пособие	s	23.6	3.2	4.0	8.8	14.8	14.7	29.5	
4360  	предпринять	предпринять	v	23.6	10.6	14.3	14.2	23.7	26.1	32.3	
4361  	происшествие	происшествие	s	23.6	23.9	23.0	25.5	25.2	29.0	27.9	
4362  	растеряться	растеряться	v	23.6	39.9	46.9	43.9	20.8	31.2	13.2	
4363  	сводить	сводить	v	23.6	33.0	29.9	32.3	20.8	22.0	19.5	
4364  	сравнительно	сравнительно	adv	23.6	10.8	16.0	8.3	22.2	36.0	27.7	
4365  	торопливо	торопливо	adv	23.6	73.0	71.8	43.1	10.4	15.8	5.2	
4366  	украсить	украсить	v	23.6	17.6	17.3	26.4	44.5	25.3	26.4	
4367  	формировать	формировать	v	23.6	3.2	3.1	3.0	7.4	16.1	29.0	
4368  	функциональный	функциональный	a	23.6	1.2	1.1	1.1	1.5	3.7	15.2	
4369  	взор	взор	s	23.5	27.6	28.4	34.4	29.6	16.1	17.0	
4370  	вставить	вставить	v	23.5	27.8	34.1	43.0	25.2	17.2	15.6	
4371  	жалость	жалость	s	23.5	56.0	50.6	38.9	16.3	18.3	11.2	
4372  	защитник	защитник	s	23.5	11.5	15.9	10.5	26.7	24.2	33.8	
4373  	посещение	посещение	s	23.5	13.1	16.9	16.9	29.6	31.2	32.8	
4374  	постройка	постройка	s	23.5	23.9	16.9	13.0	26.7	35.6	21.9	
4375  	проба	проба	s	23.5	9.6	16.2	10.2	13.3	26.4	21.8	
4376  	решающий	решающий	a	23.5	15.2	9.7	8.3	35.6	32.3	32.0	
4377  	снимок	снимок	s	23.5	29.9	16.1	20.5	40.0	48.4	25.8	
4378  	стук	стук	s	23.5	54.8	47.3	40.8	26.7	21.3	12.4	
4379  	тетрадь	тетрадь	s	23.5	32.6	51.7	31.2	50.4	45.1	15.2	
4380  	японец	японец	s	23.5	6.2	12.5	15.1	10.4	180.9	29.5	
4381  	беречь	беречь	v	23.4	36.0	44.4	28.6	38.5	29.7	18.9	
4382  	заработный	заработный	a	23.4	1.8	0.0	1.3	11.9	11.7	28.5	
4383  	казак	казак	s	23.4	8.0	40.3	19.9	13.3	18.7	30.8	
4384  	кислота	кислота	s	23.4	6.6	3.3	7.6	13.3	13.9	19.2	
4385  	мусор	мусор	s	23.4	20.6	27.2	33.7	7.4	26.1	23.4	
4386  	мыслить	мыслить	v	23.4	19.1	21.4	18.2	14.8	41.1	22.2	
4387  	отверстие	отверстие	s	23.4	23.0	12.9	18.3	11.9	21.3	14.9	
4388  	педагогический	педагогический	a	23.4	8.2	12.4	8.3	25.2	24.2	20.1	
4389  	плотно	плотно	adv	23.4	38.6	33.2	34.9	14.8	15.0	17.1	
4390  	правонарушение	правонарушение	s	23.4	0.0	0.0	1.0	0.0	0.0	14.6	
4391  	скрываться	скрываться	v	23.4	31.2	26.1	28.5	26.7	26.1	23.2	
4392  	скучно	скучно	adv	23.4	37.8	36.1	32.5	41.5	28.2	18.5	
4393  	хитрый	хитрый	a	23.4	35.6	37.1	37.8	25.2	18.7	17.9	
4394  	христианин	христианин	s	23.4	4.2	5.2	10.8	10.4	8.1	23.7	
4395  	армейский	армейский	a	23.3	25.5	23.1	20.3	8.9	22.7	33.0	
4396  	влечь	влечь	v	23.3	9.0	9.3	9.9	8.9	11.7	13.4	
4397  	геологический	геологический	a	23.3	7.4	10.1	2.8	5.9	17.6	8.8	
4398  	дефицит	дефицит	s	23.3	1.9	4.7	6.1	4.5	13.2	40.6	
4399  	застынуть	застынуть	v	23.3	37.2	36.3	48.2	26.7	14.7	10.8	
4400  	кран	кран	s	23.3	22.1	40.5	30.0	32.6	23.5	16.6	
4401  	ложный	ложный	a	23.3	17.7	17.3	17.4	32.6	30.4	23.0	
4402  	нежность	нежность	s	23.3	40.4	33.1	37.0	38.5	24.2	17.4	
4403  	переводчик	переводчик	s	23.3	20.4	15.0	16.5	23.7	41.5	30.4	
4404  	преступный	преступный	a	23.3	10.6	13.3	21.2	26.7	17.2	33.5	
4405  	проехать	проехать	v	23.3	42.4	27.8	34.9	16.3	23.1	21.5	
4406  	смертный	смертный	a	23.3	20.0	20.9	27.1	19.3	42.2	25.1	
4407  	спасибо	спасибо	s	23.3	23.2	31.1	23.3	4.5	16.5	18.5	
4408  	удержать	удержать	v	23.3	31.4	29.4	31.8	17.8	27.1	20.7	
4409  	условный	условный	a	23.3	7.8	11.5	13.7	26.7	22.4	26.2	
4410  	вылететь	вылететь	v	23.2	24.5	34.1	37.5	13.3	23.1	20.9	
4411  	галерея	галерея	s	23.2	21.6	9.8	20.4	44.5	20.5	34.0	
4412  	держава	держава	s	23.2	13.8	7.4	12.0	31.1	27.5	37.4	
4413  	жилищный	жилищный	a	23.2	3.4	4.5	3.9	10.4	27.9	41.8	
4414  	зависть	зависть	s	23.2	34.9	28.3	27.7	13.3	20.9	24.4	
4415  	моряк	моряк	s	23.2	47.3	45.3	14.8	72.6	56.5	22.7	
4416  	напротив	напротив	pr	23.2	17.2	28.1	43.0	14.8	15.4	18.7	
4417  	обижаться	обижаться	v	23.2	45.4	45.3	33.0	10.4	25.3	14.8	
4418  	повышать	повышать	v	23.2	11.2	8.3	8.1	25.2	15.0	30.2	
4419  	похоронить	похоронить	v	23.2	12.4	25.6	32.8	5.9	26.8	27.0	
4420  	претендовать	претендовать	v	23.2	5.8	6.7	9.7	26.7	19.4	39.2	
4421  	просторный	просторный	a	23.2	32.4	27.4	42.1	22.2	27.5	17.7	
4422  	прохожий	прохожий	s	23.2	41.3	42.7	38.7	29.6	19.8	16.0	
4423  	рог	рог	s	23.2	19.5	33.4	34.6	7.4	17.6	13.8	
4424  	ругать	ругать	v	23.2	46.3	35.7	23.7	35.6	41.5	21.7	
4425  	самка	самка	s	23.2	3.4	3.7	6.5	7.4	2.6	4.8	
4426  	туфля	туфля	s	23.2	49.5	44.6	40.8	17.8	12.1	13.7	
4427  	угадать	угадать	v	23.2	30.8	40.3	39.9	19.3	15.8	15.9	
4428  	химия	химия	s	23.2	10.6	14.4	14.8	74.1	18.3	17.7	
4429  	шагать	шагать	v	23.2	66.6	51.5	37.5	32.6	27.1	10.5	
4430  	элементарный	элементарный	a	23.2	11.5	12.9	12.5	8.9	18.3	22.9	
4431  	велосипед	велосипед	s	23.1	37.2	30.8	27.4	46.0	30.4	20.3	
4432  	вечность	вечность	s	23.1	12.2	24.6	26.4	25.2	11.4	15.7	
4433  	внезапный	внезапный	a	23.1	35.1	30.2	35.8	23.7	26.4	17.6	
4434  	деться	деться	v	23.1	29.1	35.3	41.6	10.4	14.7	16.0	
4435  	ерунда	ерунда	s	23.1	39.4	34.1	45.1	10.4	12.5	11.9	
4436  	инспектор	инспектор	s	23.1	30.8	22.8	18.0	23.7	37.4	28.5	
4437  	кататься	кататься	v	23.1	20.6	27.6	27.4	28.2	18.7	26.4	
4438  	мадам	мадам	s	23.1	19.0	71.6	35.7	7.4	14.3	12.9	
4439  	объединять	объединять	v	23.1	4.1	7.0	7.7	14.8	18.7	32.4	
4440  	племя	племя	s	23.1	13.7	24.9	27.6	20.8	33.0	22.7	
4441  	привлекательный	привлекательный	a	23.1	11.2	7.2	14.1	25.2	21.6	34.1	
4442  	свинья	свинья	s	23.1	36.9	35.3	31.8	44.5	17.6	11.7	
4443  	тротуар	тротуар	s	23.1	44.3	45.8	38.2	32.6	24.2	15.8	
4444  	тупой	тупой	a	23.1	37.0	28.8	41.4	13.3	11.4	11.8	
4445  	функционирование	функционирование	s	23.1	0.0	0.5	0.8	0.0	5.5	15.5	
4446  	хлопнуть	хлопнуть	v	23.1	50.2	59.5	50.2	10.4	7.7	6.1	
4447  	хрен	хрен	s	23.1	17.4	27.9	55.2	3.0	4.8	8.8	
4448  	четверо	четверо	num	23.1	34.7	33.8	32.4	26.7	23.9	21.9	
4449  	батальон	батальон	s	23.0	55.8	24.3	14.6	11.9	18.3	28.9	
4450  	жидкий	жидкий	a	23.0	22.5	20.1	21.0	11.9	15.8	15.2	
4451  	изготовить	изготовить	v	23.0	9.4	10.4	8.7	41.5	23.9	29.0	
4452  	коррупция	коррупция	s	23.0	0.3	1.3	7.2	0.0	1.1	45.5	
4453  	кубок	кубок	s	23.0	4.4	4.6	12.0	32.6	7.0	46.1	
4454  	покойный	покойный	a	23.0	23.8	34.8	39.0	31.1	23.5	19.0	
4455  	полно	полно	adv	23.0	19.1	28.5	29.4	29.6	14.7	17.6	
4456  	привязать	привязать	v	23.0	38.1	34.1	31.3	34.1	26.4	17.1	
4457  	резать	резать	v	23.0	36.9	33.9	36.1	20.8	22.7	16.4	
4458  	родные	родные	s	23.0	18.4	25.8	18.9	11.9	35.2	28.3	
4459  	стрелка	стрелка	s	23.0	25.4	30.4	28.6	22.2	18.3	17.0	
4460  	усталый	усталый	a	23.0	60.3	44.8	34.2	22.2	30.1	14.8	
4461  	аромат	аромат	s	22.9	15.4	19.8	24.4	14.8	18.3	26.4	
4462  	возбудить	возбудить	v	22.9	18.8	20.6	19.0	17.8	15.4	29.4	
4463  	заканчивать	заканчивать	v	22.9	15.1	18.8	19.6	35.6	27.9	29.5	
4464  	коренной	коренной	a	22.9	7.6	6.7	8.1	25.2	38.5	31.5	
4465  	мясной	мясной	a	22.9	8.2	8.8	11.3	8.9	16.9	14.3	
4466  	напрасно	напрасно	adv	22.9	41.1	40.0	32.4	34.1	13.9	15.9	
4467  	неловко	неловко	adv	22.9	47.3	58.2	40.5	19.3	18.0	10.9	
4468  	неожиданность	неожиданность	s	22.9	30.5	29.3	33.2	25.2	27.5	21.8	
4469  	подавлять	подавлять	v	22.9	14.0	10.1	8.2	11.9	30.4	30.6	
4470  	поклонник	поклонник	s	22.9	9.8	15.5	15.8	16.3	22.7	38.8	
4471  	потратить	потратить	v	22.9	9.2	11.4	18.2	7.4	16.5	37.0	
4472  	преимущественно	преимущественно	adv	22.9	5.8	5.6	5.3	29.6	22.7	23.4	
4473  	сорваться	сорваться	v	22.9	37.8	38.8	46.3	20.8	11.7	13.0	
4474  	трактор	трактор	s	22.9	65.2	32.7	18.1	121.6	62.0	15.8	
4475  	усиление	усиление	s	22.9	6.6	3.6	2.5	13.3	14.7	31.2	
4476  	характеризовать	характеризовать	v	22.9	1.4	2.6	1.9	19.3	10.3	15.8	
4477  	ягода	ягода	s	22.9	33.9	28.1	17.4	37.1	37.8	27.8	
4478  	актерский	актерский	a	22.8	4.1	4.0	7.0	29.6	55.0	47.5	
4479  	битва	битва	s	22.8	17.2	16.9	25.7	29.6	31.9	28.4	
4480  	головка	головка	s	22.8	22.9	31.2	30.9	5.9	10.3	13.7	
4481  	голосовать	голосовать	v	22.8	7.6	12.7	10.0	14.8	17.6	39.2	
4482  	зрелище	зрелище	s	22.8	20.9	20.3	22.2	74.1	40.0	27.9	
4483  	изредка	изредка	adv	22.8	37.2	33.8	35.7	32.6	47.3	16.4	
4484  	монах	монах	s	22.8	18.8	12.8	33.3	40.0	17.6	16.8	
4485  	наружу	наружу	adv	22.8	22.5	28.0	46.9	14.8	21.6	13.3	
4486  	открыто	открыто	adv	22.8	18.3	18.7	16.8	28.2	36.0	31.2	
4487  	отходить	отходить	v	22.8	45.0	37.4	26.2	25.2	23.1	15.8	
4488  	по-разному	по-разному	adv	22.8	16.1	15.1	13.2	17.8	25.7	27.2	
4489  	приоритет	приоритет	s	22.8	2.1	2.2	2.2	3.0	4.8	35.8	
4490  	скучный	скучный	a	22.8	33.7	32.6	28.7	44.5	27.9	22.0	
4491  	тряпка	тряпка	s	22.8	38.8	43.1	46.7	13.3	13.2	10.8	
4492  	удовлетворить	удовлетворить	v	22.8	12.6	12.7	13.7	32.6	29.7	28.5	
4493  	выгнать	выгнать	v	22.7	34.0	39.3	38.9	5.9	24.2	15.5	
4494  	грамм	грамм	s	22.7	27.1	27.6	24.5	14.8	41.1	19.9	
4495  	дырка	дырка	s	22.7	25.9	24.4	61.6	3.0	8.8	7.3	
4496  	заорать	заорать	v	22.7	44.3	46.4	56.9	1.5	5.5	5.5	
4497  	ил	ил	s	22.7	7.4	18.3	10.5	11.9	7.0	26.1	
4498  	исключительный	исключительный	a	22.7	14.7	12.0	9.2	43.0	28.6	22.8	
4499  	комедия	комедия	s	22.7	9.0	10.1	10.3	74.1	44.0	39.4	
4500  	минувший	минувший	a	22.7	4.6	12.2	7.7	26.7	20.9	46.0	
4501  	мысленно	мысленно	adv	22.7	35.8	37.0	43.5	23.7	26.4	11.8	
4502  	наверх	наверх	adv	22.7	44.0	38.9	37.9	23.7	27.5	14.8	
4503  	отмена	отмена	s	22.7	1.6	3.8	4.4	0.0	12.1	32.2	
4504  	отправлять	отправлять	v	22.7	17.7	22.1	22.1	22.2	37.0	28.2	
4505  	побег	побег	s	22.7	15.2	19.2	16.2	7.4	23.9	20.3	
4506  	ползти	ползти	v	22.7	64.3	41.2	40.2	17.8	19.4	10.8	
4507  	провал	провал	s	22.7	26.2	18.5	20.4	19.3	29.7	31.2	
4508  	разряд	разряд	s	22.7	13.5	9.1	15.1	31.1	29.4	26.1	
4509  	ракетный	ракетный	a	22.7	5.7	2.7	5.8	0.0	16.5	37.8	
4510  	сходство	сходство	s	22.7	17.6	17.3	19.8	29.6	29.7	18.7	
4511  	тыл	тыл	s	22.7	75.3	44.0	14.4	14.8	52.5	20.9	
4512  	упустить	упустить	v	22.7	22.3	30.6	30.1	17.8	27.9	22.5	
4513  	ученый	ученый	a	22.7	38.6	32.6	14.4	34.1	32.6	21.1	
4514  	аж	аж	part	22.6	16.7	27.1	33.5	4.5	2.9	23.3	
4515  	базар	базар	s	22.6	39.0	42.2	35.8	10.4	23.1	16.0	
4516  	болтать	болтать	v	22.6	45.4	47.3	40.5	23.7	23.9	11.0	
4517  	бревно	бревно	s	22.6	71.6	52.3	29.8	26.7	41.5	9.1	
4518  	вспыхнуть	вспыхнуть	v	22.6	51.9	47.3	38.3	16.3	13.9	12.0	
4519  	дежурный	дежурный	s	22.6	48.9	38.2	22.6	13.3	30.1	12.6	
4520  	драма	драма	s	22.6	4.2	12.2	10.8	69.7	43.3	38.7	
4521  	климат	климат	s	22.6	9.8	8.7	12.3	17.8	29.0	30.3	
4522  	комсомольский	комсомольский	a	22.6	22.9	16.4	18.9	277.2	48.1	27.7	
4523  	кончать	кончать	v	22.6	39.2	39.6	29.3	38.5	29.7	14.3	
4524  	набить	набить	v	22.6	33.9	38.9	36.9	25.2	28.2	16.9	
4525  	наследник	наследник	s	22.6	6.7	11.1	19.9	81.5	21.3	24.5	
4526  	наследство	наследство	s	22.6	7.4	13.8	19.6	23.7	25.3	23.8	
4527  	недвижимость	недвижимость	s	22.6	0.3	0.5	8.2	0.0	2.9	41.4	
4528  	ненужный	ненужный	a	22.6	28.5	30.7	27.4	16.3	32.6	20.7	
4529  	нить	нить	s	22.6	28.4	18.9	24.7	37.1	23.9	19.8	
4530  	опоздать	опоздать	v	22.6	39.0	40.2	35.0	7.4	21.6	16.6	
4531  	переработка	переработка	s	22.6	1.1	0.8	1.9	7.4	8.8	28.0	
4532  	полевой	полевой	a	22.6	32.8	24.9	14.0	28.2	24.6	22.5	
4533  	пропаганда	пропаганда	s	22.6	12.4	9.5	8.1	48.9	26.1	37.7	
4534  	равновесие	равновесие	s	22.6	20.0	17.6	23.8	35.6	20.9	15.7	
4535  	разрабатывать	разрабатывать	v	22.6	9.4	3.6	6.4	8.9	12.5	29.9	
4536  	синтез	синтез	s	22.6	1.9	2.3	1.6	34.1	7.0	8.9	
4537  	спинка	спинка	s	22.6	43.2	35.7	42.1	19.3	11.4	12.2	
4538  	угрожать	угрожать	v	22.6	22.5	23.3	24.3	25.2	27.5	25.8	
4539  	делить	делить	v	22.5	16.5	17.3	22.1	41.5	29.4	25.9	
4540  	должник	должник	s	22.5	2.7	1.8	5.8	1.5	1.8	10.2	
4541  	ленинский	ленинский	a	22.5	14.0	9.1	11.3	115.6	69.7	33.3	
4542  	надевать	надевать	v	22.5	38.6	34.8	30.0	23.7	27.5	18.4	
4543  	попадаться	попадаться	v	22.5	39.4	32.7	34.3	13.3	31.9	16.4	
4544  	почтовый	почтовый	a	22.5	17.2	19.7	16.6	10.4	25.7	24.6	
4545  	правоохранительный	правоохранительный	a	22.5	0.0	0.0	7.5	0.0	0.0	46.5	
4546  	ранг	ранг	s	22.5	8.2	12.0	14.2	13.3	22.7	29.4	
4547  	слепой	слепой	a	22.5	37.0	30.8	31.4	28.2	22.4	15.5	
4548  	стыд	стыд	s	22.5	39.7	41.0	32.6	41.5	20.5	14.1	
4549  	управляющий	управляющий	a	22.5	4.1	1.4	4.3	7.4	4.0	36.6	
4550  	христианство	христианство	s	22.5	4.1	2.4	7.6	5.9	16.1	24.7	
4551  	встречный	встречный	a	22.4	27.3	29.4	25.0	17.8	27.9	17.3	
4552  	выявление	выявление	s	22.4	1.9	1.1	1.6	1.5	8.1	12.3	
4553  	график	график	s	22.4	9.4	10.4	11.2	34.1	22.7	26.4	
4554  	доза	доза	s	22.4	6.0	5.9	14.8	10.4	9.5	14.6	
4555  	забавный	забавный	a	22.4	21.3	19.2	22.1	41.5	37.0	27.8	
4556  	заслуживать	заслуживать	v	22.4	14.9	16.2	11.6	37.1	29.0	28.0	
4557  	интерьер	интерьер	s	22.4	0.0	2.2	8.7	5.9	13.6	43.9	
4558  	как-нибудь	как-нибудь	advpro	22.4	42.2	47.2	37.0	14.8	24.2	10.4	
4559  	королева	королева	s	22.4	13.3	16.2	25.2	28.2	29.4	27.3	
4560  	кредитор	кредитор	s	22.4	0.7	1.3	4.5	0.0	1.5	17.8	
4561  	логический	логический	a	22.4	5.5	7.3	8.3	5.9	10.3	15.1	
4562  	настать	настать	v	22.4	19.3	21.2	29.8	31.1	33.4	24.1	
4563  	непрерывный	непрерывный	a	22.4	15.8	10.5	8.8	20.8	25.7	19.3	
4564  	обидно	обидно	adv	22.4	34.0	39.1	26.0	14.8	18.0	19.5	
4565  	обходиться	обходиться	v	22.4	12.6	21.0	16.0	17.8	29.4	32.9	
4566  	отбор	отбор	s	22.4	8.2	4.9	4.4	10.4	22.4	27.0	
4567  	отчаянный	отчаянный	a	22.4	35.1	43.2	28.3	14.8	31.6	20.0	
4568  	пешком	пешком	adv	22.4	33.9	29.9	32.8	28.2	32.3	18.7	
4569  	приз	приз	s	22.4	2.8	16.0	8.6	16.3	19.1	41.9	
4570  	пропускать	пропускать	v	22.4	25.9	29.0	28.0	20.8	25.7	21.2	
4571  	сбежать	сбежать	v	22.4	31.2	37.2	43.4	14.8	14.3	14.8	
4572  	уменьшение	уменьшение	s	22.4	1.8	1.3	1.4	4.5	4.4	18.7	
4573  	урожай	урожай	s	22.4	12.9	12.0	11.7	121.6	75.9	26.9	
4574  	чуждый	чуждый	a	22.4	18.1	13.9	15.3	72.6	43.3	26.1	
4575  	барьер	барьер	s	22.3	15.2	15.7	12.5	13.3	29.7	29.1	
4576  	вежливо	вежливо	adv	22.3	42.9	42.1	36.5	14.8	24.6	15.7	
4577  	дарить	дарить	v	22.3	12.4	18.8	23.8	23.7	29.4	26.0	
4578  	духи	духи	s	22.3	16.7	19.2	35.6	25.2	13.6	19.4	
4579  	елка	елка	s	22.3	20.4	30.9	23.6	56.3	27.5	20.9	
4580  	захват	захват	s	22.3	7.1	6.5	11.8	4.5	12.1	34.5	
4581  	клиника	клиника	s	22.3	8.9	9.5	23.2	5.9	10.6	26.7	
4582  	корпоративный	корпоративный	a	22.3	0.0	0.0	2.1	1.5	2.2	38.3	
4583  	ладно	ладно	adv	22.3	41.8	43.1	36.7	7.4	5.5	8.5	
4584  	надзор	надзор	s	22.3	4.1	8.7	3.9	13.3	9.9	20.3	
4585  	обвинять	обвинять	v	22.3	17.2	15.1	14.1	31.1	36.0	33.0	
4586  	ругаться	ругаться	v	22.3	47.7	47.6	34.6	19.3	16.5	11.7	
4587  	собачий	собачий	a	22.3	35.1	42.5	38.8	29.6	19.4	14.1	
4588  	торжественно	торжественно	adv	22.3	37.8	34.8	31.9	34.1	22.7	18.2	
4589  	убеждать	убеждать	v	22.3	22.7	21.7	21.1	22.2	37.0	26.5	
4590  	частота	частота	s	22.3	2.7	3.2	4.7	10.4	2.9	17.3	
4591  	чувствоваться	чувствоваться	v	22.3	26.8	27.0	24.2	34.1	44.0	22.8	
4592  	чудовищный	чудовищный	a	22.3	32.3	27.1	29.6	25.2	20.9	22.7	
4593  	бык	бык	s	22.2	23.0	61.4	41.9	7.4	10.6	10.1	
4594  	гитара	гитара	s	22.2	18.3	32.7	23.4	20.8	19.8	28.1	
4595  	испортить	испортить	v	22.2	30.8	24.6	27.4	20.8	26.1	22.1	
4596  	лужа	лужа	s	22.2	36.5	35.2	46.6	25.2	7.3	12.1	
4597  	махать	махать	v	22.2	62.2	43.7	37.4	13.3	15.8	11.6	
4598  	меж	меж	pr	22.2	41.6	50.3	42.7	11.9	13.2	10.3	
4599  	плен	плен	s	22.2	37.8	28.1	21.7	25.2	49.9	22.3	
4600  	разрешать	разрешать	v	22.2	20.6	24.4	19.0	23.7	26.4	22.5	
4601  	рак	рак	s	22.2	16.1	21.7	22.0	5.9	13.9	28.9	
4602  	рвать	рвать	v	22.2	40.8	39.3	38.6	14.8	19.1	13.1	
4603  	спирт	спирт	s	22.2	19.9	32.1	34.7	14.8	13.6	15.6	
4604  	автономный	автономный	a	22.1	1.9	3.3	2.7	14.8	16.9	27.9	
4605  	извлечь	извлечь	v	22.1	23.9	21.2	35.2	14.8	18.3	18.2	
4606  	изменять	изменять	v	22.1	11.7	13.4	16.1	11.9	16.1	19.5	
4607  	интеллигентный	интеллигентный	a	22.1	17.9	32.1	25.9	10.4	37.8	26.1	
4608  	кузов	кузов	s	22.1	46.6	28.9	16.4	10.4	12.5	28.2	
4609  	материя	материя	s	22.1	29.2	25.8	17.2	29.6	19.8	13.7	
4610  	матрос	матрос	s	22.1	49.8	51.8	26.7	50.4	26.8	12.3	
4611  	мелькнуть	мелькнуть	v	22.1	49.5	41.4	47.3	11.9	16.1	8.8	
4612  	переносить	переносить	v	22.1	16.7	16.1	16.4	28.2	30.8	25.8	
4613  	развод	развод	s	22.1	15.8	20.5	29.1	13.3	12.8	19.8	
4614  	разместить	разместить	v	22.1	6.2	3.6	5.7	16.3	15.4	34.7	
4615  	сантиметр	сантиметр	s	22.1	17.4	19.4	20.4	46.0	24.6	20.4	
4616  	соблюдать	соблюдать	v	22.1	15.9	14.7	15.2	17.8	19.1	25.8	
4617  	создатель	создатель	s	22.1	7.1	5.8	10.2	28.2	19.1	36.5	
4618  	хирург	хирург	s	22.1	39.2	16.0	22.6	19.3	23.5	26.8	
4619  	целевой	целевой	a	22.1	0.0	0.8	0.7	0.0	2.6	27.9	
4620  	бензин	бензин	s	22.0	22.9	18.3	21.5	29.6	22.4	28.3	
4621  	ванна	ванна	s	22.0	16.8	14.4	36.5	31.1	24.6	16.9	
4622  	государь	государь	s	22.0	5.3	53.0	25.0	87.5	19.1	20.4	
4623  	драматический	драматический	a	22.0	3.7	5.6	5.4	65.2	60.2	40.2	
4624  	желудок	желудок	s	22.0	15.6	21.7	31.3	16.3	18.7	19.3	
4625  	изобретение	изобретение	s	22.0	18.6	10.1	8.7	26.7	18.0	21.9	
4626  	любовный	любовный	a	22.0	11.2	15.6	26.9	34.1	23.1	27.9	
4627  	миссия	миссия	s	22.0	9.4	7.8	11.9	38.5	18.0	33.2	
4628  	мучительный	мучительный	a	22.0	29.2	30.3	26.7	43.0	25.3	22.2	
4629  	наносить	наносить	v	22.0	13.5	11.1	8.1	11.9	23.5	25.8	
4630  	непростой	непростой	a	22.0	1.4	8.3	14.8	0.0	15.0	38.7	
4631  	рейс	рейс	s	22.0	35.5	33.6	23.7	34.1	15.0	25.0	
4632  	сводиться	сводиться	v	22.0	7.8	6.0	8.7	25.2	13.9	27.7	
4633  	сердиться	сердиться	v	22.0	70.7	47.5	32.3	29.6	38.9	9.5	
4634  	специализированный	специализированный	a	22.0	0.9	0.9	1.2	1.5	7.7	26.8	
4635  	терпение	терпение	s	22.0	24.5	31.5	25.4	10.4	26.8	21.8	
4636  	товарный	товарный	a	22.0	8.9	10.5	4.5	1.5	15.4	22.1	
4637  	употреблять	употреблять	v	22.0	10.8	15.5	14.6	5.9	22.0	23.2	
4638  	бумажный	бумажный	a	21.9	32.1	26.1	28.7	13.3	32.3	18.5	
4639  	грохот	грохот	s	21.9	59.4	43.9	39.0	10.4	16.5	9.6	
4640  	грузинский	грузинский	a	21.9	4.6	12.2	16.5	35.6	29.0	36.4	
4641  	жир	жир	s	21.9	20.2	19.7	16.3	4.5	22.4	19.5	
4642  	избегать	избегать	v	21.9	25.4	19.6	21.3	29.6	35.6	23.7	
4643  	кадровый	кадровый	a	21.9	5.3	4.2	4.2	3.0	12.5	41.5	
4644  	канон	канон	s	21.9	4.6	2.6	4.5	4.5	13.6	13.3	
4645  	компенсация	компенсация	s	21.9	3.9	2.8	6.6	1.5	5.1	39.0	
4646  	осмотреть	осмотреть	v	21.9	47.9	33.9	35.4	20.8	20.9	14.6	
4647  	откровенный	откровенный	a	21.9	18.8	17.3	21.6	16.3	37.4	29.4	
4648  	представительство	представительство	s	21.9	1.1	2.6	5.1	10.4	6.2	33.3	
4649  	репутация	репутация	s	21.9	9.8	10.7	16.6	13.3	18.0	35.2	
4650  	рыбак	рыбак	s	21.9	55.5	28.1	21.0	32.6	26.4	23.1	
4651  	стройный	стройный	a	21.9	27.1	31.1	29.6	40.0	25.7	18.0	
4652  	татарский	татарский	a	21.9	4.2	6.1	54.4	10.4	19.1	13.1	
4653  	устойчивость	устойчивость	s	21.9	6.2	2.0	2.9	5.9	8.1	20.4	
4654  	щит	щит	s	21.9	30.1	18.8	27.4	23.7	24.2	22.1	
4655  	апостол	апостол	s	21.8	5.7	5.6	6.7	10.4	5.5	12.0	
4656  	бульвар	бульвар	s	21.8	26.2	27.6	24.8	46.0	31.9	24.7	
4657  	выдача	выдача	s	21.8	4.1	8.1	4.3	17.8	11.0	21.8	
4658  	двадцатый	двадцатый	anum	21.8	25.0	31.5	20.0	130.4	48.4	23.2	
4659  	действительный	действительный	a	21.8	11.0	10.7	9.0	40.0	21.3	19.0	
4660  	драться	драться	v	21.8	54.2	41.3	31.8	23.7	20.5	14.7	
4661  	забирать	забирать	v	21.8	21.3	23.7	36.0	10.4	18.7	18.2	
4662  	значимый	значимый	a	21.8	0.3	0.5	2.4	0.0	1.8	27.1	
4663  	израильский	израильский	a	21.8	0.0	3.2	5.8	3.0	4.8	45.4	
4664  	оборачиваться	оборачиваться	v	21.8	51.0	32.4	36.9	13.3	13.9	14.1	
4665  	повторяться	повторяться	v	21.8	16.1	19.3	18.9	26.7	32.3	21.4	
4666  	прошедший	прошедший	a	21.8	8.3	7.2	11.3	5.9	17.6	35.5	
4667  	уговаривать	уговаривать	v	21.8	35.5	27.6	27.8	19.3	43.3	21.1	
4668  	уравнение	уравнение	s	21.8	10.3	5.8	2.0	10.4	1.8	4.2	
4669  	четверг	четверг	s	21.8	5.1	13.6	12.9	4.5	10.6	37.5	
4670  	энергетика	энергетика	s	21.8	2.3	0.5	3.1	5.9	3.3	37.2	
4671  	ансамбль	ансамбль	s	21.7	3.0	9.7	6.8	29.6	24.6	40.1	
4672  	беспокоить	беспокоить	v	21.7	24.1	25.6	26.8	14.8	27.9	21.1	
4673  	диссертация	диссертация	s	21.7	26.8	20.5	15.9	7.4	10.6	22.2	
4674  	заяц	заяц	s	21.7	23.0	49.4	34.1	40.0	16.5	14.2	
4675  	капуста	капуста	s	21.7	15.6	21.9	23.5	16.3	26.8	22.8	
4676  	комиссар	комиссар	s	21.7	90.6	13.1	16.8	38.5	70.4	18.6	
4677  	консультация	консультация	s	21.7	9.2	8.7	10.1	11.9	12.5	26.1	
4678  	крохотный	крохотный	a	21.7	38.1	33.4	35.6	43.0	31.6	15.3	
4679  	лампочка	лампочка	s	21.7	51.9	34.3	35.7	26.7	21.6	13.1	
4680  	олимпийский	олимпийский	a	21.7	1.2	2.7	3.8	17.8	12.1	48.6	
4681  	организационный	организационный	a	21.7	2.8	1.1	0.6	16.3	24.9	25.8	
4682  	откуда-то	откуда-то	advpro	21.7	42.5	43.1	39.8	13.3	19.8	11.3	
4683  	подоконник	подоконник	s	21.7	40.9	51.7	45.5	11.9	10.6	7.4	
4684  	проникнуть	проникнуть	v	21.7	27.6	22.9	26.9	22.2	27.9	20.3	
4685  	ребро	ребро	s	21.7	28.4	22.8	31.2	10.4	11.7	9.3	
4686  	столкновение	столкновение	s	21.7	13.7	10.5	11.1	16.3	29.4	31.2	
4687  	фактический	фактический	a	21.7	1.4	3.2	2.9	3.0	14.3	24.0	
4688  	было	было	part	21.6	46.3	45.1	40.9	11.9	8.8	10.8	
4689  	доноситься	доноситься	v	21.6	59.0	41.2	38.9	23.7	20.5	10.3	
4690  	завидовать	завидовать	v	21.6	34.6	37.7	28.7	20.8	26.4	17.5	
4691  	мамин	мамин	a	21.6	26.8	32.9	31.0	83.0	20.9	18.9	
4692  	необыкновенный	необыкновенный	a	21.6	33.9	35.4	21.6	62.3	40.7	20.6	
4693  	охватывать	охватывать	v	21.6	25.7	14.7	12.2	13.3	17.6	16.0	
4694  	приключение	приключение	s	21.6	22.0	26.9	26.8	43.0	30.4	23.2	
4695  	простота	простота	s	21.6	18.1	18.2	16.5	35.6	31.9	22.2	
4696  	сжечь	сжечь	v	21.6	40.1	29.8	30.3	22.2	23.1	17.9	
4697  	склонный	склонный	a	21.6	10.5	15.2	15.9	16.3	26.8	28.2	
4698  	сочинять	сочинять	v	21.6	23.6	29.0	23.5	25.2	34.9	24.8	
4699  	установленный	установленный	a	21.6	2.3	2.6	2.4	11.9	7.3	15.8	
4700  	фрукт	фрукт	s	21.6	9.8	16.8	24.6	41.5	27.9	25.8	
4701  	вдова	вдова	s	21.5	21.6	21.2	26.8	41.5	31.9	24.7	
4702  	взятка	взятка	s	21.5	8.0	7.5	21.8	1.5	11.0	33.4	
4703  	включение	включение	s	21.5	3.7	1.9	2.9	10.4	6.6	19.7	
4704  	гармония	гармония	s	21.5	6.7	13.7	12.1	43.0	24.6	24.7	
4705  	грубо	грубо	adv	21.5	35.6	29.4	33.2	22.2	26.8	14.9	
4706  	община	община	s	21.5	1.6	3.2	8.0	10.4	24.6	31.0	
4707  	осудить	осудить	v	21.5	20.6	21.4	12.3	34.1	36.7	24.7	
4708  	ось	ось	s	21.5	16.7	12.2	9.9	5.9	11.0	15.7	
4709  	пулемет	пулемет	s	21.5	76.2	26.4	21.0	16.3	38.9	18.1	
4710  	транслит	транслит	s	21.5	0.0	0.0	0.0	0.0	0.0	0.0	
4711  	цитата	цитата	s	21.5	9.2	15.9	13.8	40.0	15.4	30.9	
4712  	чайник	чайник	s	21.5	28.9	36.8	44.1	8.9	18.0	11.2	
4713  	шагнуть	шагнуть	v	21.5	48.4	41.4	50.2	4.5	13.2	5.9	
4714  	балет	балет	s	21.4	5.1	13.2	6.2	100.8	34.9	40.4	
4715  	весть	весть	s	21.4	17.7	21.2	19.2	56.3	19.8	25.6	
4716  	восемьдесят	восемьдесят	num	21.4	29.1	27.9	29.0	26.7	28.6	16.2	
4717  	казнь	казнь	s	21.4	34.9	15.2	20.3	16.3	47.7	24.1	
4718  	командующий	командующий	s	21.4	75.9	15.9	8.6	17.8	56.9	25.6	
4719  	недаром	недаром	adv	21.4	21.6	25.8	17.9	32.6	27.9	25.9	
4720  	образовать	образовать	v	21.4	9.4	7.8	10.9	13.3	23.1	20.7	
4721  	окраина	окраина	s	21.4	24.1	21.1	26.3	13.3	27.5	23.9	
4722  	освободиться	освободиться	v	21.4	26.9	28.4	27.2	23.7	32.3	20.1	
4723  	пророк	пророк	s	21.4	8.3	14.8	13.5	16.3	18.0	19.6	
4724  	спаситель	спаситель	s	21.4	7.6	8.4	12.7	14.8	5.1	18.2	
4725  	бабочка	бабочка	s	21.3	38.5	30.7	31.4	84.5	14.7	15.3	
4726  	дневной	дневной	a	21.3	18.6	18.8	28.3	32.6	19.8	16.9	
4727  	навык	навык	s	21.3	2.3	3.8	10.6	26.7	16.1	26.0	
4728  	пение	пение	s	21.3	15.6	17.1	19.4	26.7	32.3	25.5	
4729  	посредством	посредством	pr	21.3	3.0	3.8	6.0	8.9	7.3	17.5	
4730  	пробка	пробка	s	21.3	21.3	18.4	33.8	13.3	19.8	19.0	
4731  	рациональный	рациональный	a	21.3	2.3	4.7	4.0	14.8	17.2	20.3	
4732  	ручей	ручей	s	21.3	31.0	41.8	26.0	22.2	19.4	10.9	
4733  	сажать	сажать	v	21.3	33.7	24.8	22.5	17.8	34.9	22.0	
4734  	светский	светский	a	21.3	7.8	6.9	16.9	19.3	21.3	29.7	
4735  	сэр	сэр	s	21.3	25.7	11.6	52.4	1.5	16.1	12.4	
4736  	уютный	уютный	a	21.3	17.9	23.3	30.0	17.8	32.6	22.8	
4737  	бред	бред	s	21.2	17.6	30.1	39.2	19.3	13.9	13.4	
4738  	вздыхать	вздыхать	v	21.2	52.8	46.7	36.5	35.6	18.3	9.5	
4739  	изящный	изящный	a	21.2	17.2	18.4	22.6	48.9	29.7	24.4	
4740  	легкость	легкость	s	21.2	21.1	18.7	24.8	37.1	30.1	21.8	
4741  	молекула	молекула	s	21.2	3.9	4.3	3.2	14.8	7.0	5.5	
4742  	наверху	наверху	adv	21.2	40.4	32.7	35.0	32.6	28.2	13.8	
4743  	незначительный	незначительный	a	21.2	11.9	10.0	10.8	14.8	19.4	23.0	
4744  	отнестись	отнестись	v	21.2	16.1	13.6	15.8	22.2	31.9	30.6	
4745  	оторваться	оторваться	v	21.2	37.2	31.9	35.1	19.3	16.5	14.0	
4746  	отрицать	отрицать	v	21.2	14.7	15.2	15.8	32.6	27.1	24.3	
4747  	перечислить	перечислить	v	21.2	9.0	7.3	9.7	17.8	25.3	27.5	
4748  	разведчик	разведчик	s	21.2	93.4	17.0	18.4	7.4	23.9	20.9	
4749  	рама	рама	s	21.2	31.6	28.8	30.1	25.2	14.7	17.4	
4750  	рубаха	рубаха	s	21.2	65.8	57.7	34.0	35.6	18.0	7.8	
4751  	свалиться	свалиться	v	21.2	43.1	42.9	37.5	20.8	15.4	12.0	
4752  	таблетка	таблетка	s	21.2	9.8	18.2	30.1	3.0	4.4	21.3	
4753  	архитектурный	архитектурный	a	21.1	6.9	5.6	5.9	8.9	16.9	32.6	
4754  	валютный	валютный	a	21.1	0.9	2.0	5.4	0.0	7.3	38.6	
4755  	взвод	взвод	s	21.1	69.7	35.2	17.6	4.5	12.5	16.5	
4756  	всевозможный	всевозможный	a	21.1	13.3	15.1	13.4	56.3	19.4	30.8	
4757  	вырвать	вырвать	v	21.1	36.3	34.1	36.6	29.6	20.5	13.0	
4758  	дистанция	дистанция	s	21.1	4.8	16.6	11.5	13.3	13.9	29.7	
4759  	запомниться	запомниться	v	21.1	13.1	21.0	11.9	32.6	76.7	31.5	
4760  	испанский	испанский	a	21.1	6.9	8.8	12.7	19.3	19.8	35.5	
4761  	кислород	кислород	s	21.1	8.0	6.8	8.6	5.9	14.3	17.0	
4762  	наклониться	наклониться	v	21.1	61.9	45.8	46.9	8.9	3.7	4.3	
4763  	неизбежно	неизбежно	adv	21.1	15.6	6.5	11.2	14.8	23.1	28.5	
4764  	палочка	палочка	s	21.1	62.6	22.0	23.1	28.2	20.2	17.5	
4765  	поцелуй	поцелуй	s	21.1	27.5	22.1	42.1	16.3	10.3	14.2	
4766  	прихожая	прихожая	s	21.1	19.0	34.0	56.6	8.9	8.8	7.5	
4767  	пропадать	пропадать	v	21.1	30.7	38.8	32.9	19.3	26.8	14.4	
4768  	светить	светить	v	21.1	39.2	34.1	32.9	25.2	17.2	13.8	
4769  	сессия	сессия	s	21.1	5.5	10.5	7.5	102.3	26.4	28.9	
4770  	служащий	служащий	s	21.1	14.5	11.0	11.9	44.5	34.1	23.1	
4771  	спеть	спеть	v	21.1	22.7	26.7	17.1	5.9	16.9	30.9	
4772  	тихонько	тихонько	adv	21.1	67.7	54.7	35.2	11.9	8.1	8.5	
4773  	тревожный	тревожный	a	21.1	42.2	33.2	24.1	19.3	25.3	20.0	
4774  	убыток	убыток	s	21.1	7.3	7.0	7.1	1.5	7.7	26.9	
4775  	увезти	увезти	v	21.1	32.1	37.5	31.5	20.8	24.6	17.5	
4776  	увлечение	увлечение	s	21.1	13.7	15.7	11.7	38.5	55.0	29.5	
4777  	уступить	уступить	v	21.1	27.8	25.4	20.0	14.8	25.7	25.8	
4778  	коллегия	коллегия	s	21.0	2.8	5.0	2.9	26.7	18.0	28.4	
4779  	магнитный	магнитный	a	21.0	10.1	7.3	4.1	25.2	15.4	12.3	
4780  	милицейский	милицейский	a	21.0	15.6	15.6	33.9	3.0	12.5	25.8	
4781  	окружающее	окружающее	s	21.0	15.4	12.4	21.8	23.7	26.8	22.2	
4782  	регулировать	регулировать	v	21.0	3.2	3.1	2.1	8.9	8.1	23.4	
4783  	соображать	соображать	v	21.0	47.7	42.5	42.9	7.4	13.2	7.7	
4784  	сумерки	сумерки	s	21.0	41.6	40.5	38.9	28.2	14.7	11.2	
4785  	ярость	ярость	s	21.0	35.6	28.4	39.9	20.8	20.2	13.4	
4786  	банкротство	банкротство	s	20.9	0.0	0.0	3.3	4.5	2.9	25.8	
4787  	догнать	догнать	v	20.9	49.5	42.2	30.8	34.1	11.0	13.9	
4788  	докладывать	докладывать	v	20.9	46.1	27.1	22.8	14.8	45.1	17.0	
4789  	касса	касса	s	20.9	17.0	38.9	24.6	16.3	30.4	21.0	
4790  	лауреат	лауреат	s	20.9	3.7	8.7	6.8	38.5	20.5	39.7	
4791  	прыжок	прыжок	s	20.9	26.2	23.8	27.5	54.9	19.4	21.6	
4792  	тройка	тройка	s	20.9	17.4	20.7	17.6	16.3	36.3	26.9	
4793  	фундаментальный	фундаментальный	a	20.9	1.4	1.8	2.1	3.0	8.4	20.3	
4794  	чрезвычайный	чрезвычайный	a	20.9	14.4	13.7	7.5	35.6	21.3	25.9	
4795  	щенок	щенок	s	20.9	71.4	43.9	19.4	4.5	10.3	9.9	
4796  	анализировать	анализировать	v	20.8	5.3	5.6	6.1	7.4	16.9	19.5	
4797  	вздох	вздох	s	20.8	37.0	38.2	42.4	19.3	13.9	9.7	
4798  	воспитывать	воспитывать	v	20.8	22.7	21.2	13.5	48.9	33.8	23.6	
4799  	выходной	выходной	s	20.8	9.2	13.8	19.9	0.0	7.3	25.7	
4800  	гнездо	гнездо	s	20.8	35.6	33.4	27.0	31.1	26.1	14.0	
4801  	демонстрация	демонстрация	s	20.8	7.3	11.1	14.5	43.0	25.3	31.1	
4802  	колебаться	колебаться	v	20.8	23.8	20.5	21.2	19.3	22.4	18.0	
4803  	конечно	конечно	part	20.8	25.5	19.2	19.9	10.4	6.2	7.9	
4804  	негромко	негромко	adv	20.8	72.5	53.1	42.4	4.5	5.5	3.4	
4805  	парижский	парижский	a	20.8	4.8	20.5	10.6	99.3	31.9	32.2	
4806  	поддаваться	поддаваться	v	20.8	24.1	17.9	18.9	13.3	29.4	20.6	
4807  	романтический	романтический	a	20.8	9.4	11.4	16.2	57.8	27.5	28.9	
4808  	слышаться	слышаться	v	20.8	53.9	48.0	29.9	16.3	22.0	12.0	
4809  	удерживать	удерживать	v	20.8	15.6	25.2	24.7	14.8	15.0	18.4	
4810  	феномен	феномен	s	20.8	1.2	5.9	7.3	3.0	11.0	23.0	
4811  	юрист	юрист	s	20.8	10.6	4.7	12.2	5.9	17.6	33.0	
4812  	возбуждение	возбуждение	s	20.7	16.7	14.4	16.3	17.8	11.7	15.5	
4813  	возвращать	возвращать	v	20.7	13.8	18.2	23.8	11.9	16.1	23.8	
4814  	героиня	героиня	s	20.7	6.0	7.8	13.1	14.8	12.5	39.3	
4815  	дополнение	дополнение	s	20.7	2.8	6.1	4.2	14.8	12.8	23.6	
4816  	ирония	ирония	s	20.7	12.8	19.1	18.7	29.6	34.9	28.3	
4817  	королевский	королевский	a	20.7	17.7	11.0	17.4	23.7	31.9	26.5	
4818  	молодежный	молодежный	a	20.7	5.0	7.5	7.9	63.7	23.9	37.1	
4819  	наружный	наружный	a	20.7	8.9	10.4	8.4	20.8	7.0	17.0	
4820  	новенький	новенький	a	20.7	38.3	34.3	36.4	20.8	8.1	13.8	
4821  	официант	официант	s	20.7	33.1	17.6	49.7	10.4	13.6	11.2	
4822  	погодить	погодить	v	20.7	57.2	54.2	41.0	8.9	5.1	4.9	
4823  	потихоньку	потихоньку	adv	20.7	33.1	36.5	30.0	16.3	12.5	17.0	
4824  	представиться	представиться	v	20.7	23.4	28.8	36.1	19.3	25.3	16.4	
4825  	сгореть	сгореть	v	20.7	26.1	34.1	31.5	10.4	17.2	17.0	
4826  	специфика	специфика	s	20.7	1.8	3.6	3.0	1.5	10.6	22.8	
4827  	стрела	стрела	s	20.7	30.3	23.4	33.4	14.8	8.8	14.8	
4828  	чеченец	чеченец	s	20.7	1.6	1.3	15.3	0.0	11.7	39.7	
4829  	шахта	шахта	s	20.7	15.1	10.7	9.9	47.4	45.5	26.1	
4830  	шевелиться	шевелиться	v	20.7	52.6	53.7	39.2	7.4	14.7	6.7	
4831  	этнический	этнический	a	20.7	0.0	0.8	1.7	0.0	1.8	30.2	
4832  	вирусный	вирусный	a	20.6	0.9	0.0	0.7	0.0	0.0	2.5	
4833  	воплощение	воплощение	s	20.6	6.6	4.3	10.6	28.2	17.6	23.3	
4834  	выгода	выгода	s	20.6	9.0	13.9	13.6	31.1	20.2	27.7	
4835  	дизайн	дизайн	s	20.6	0.0	0.0	3.0	0.0	0.7	39.4	
4836  	зафиксировать	зафиксировать	v	20.6	4.4	6.4	9.1	3.0	8.8	28.4	
4837  	милость	милость	s	20.6	19.5	23.9	28.8	20.8	22.0	15.4	
4838  	относительно	относительно	adv	20.6	2.5	3.8	6.1	3.0	11.0	21.5	
4839  	очко	очко	s	20.6	7.1	12.2	11.5	25.2	16.9	31.6	
4840  	подробный	подробный	a	20.6	11.7	10.1	12.8	20.8	19.8	23.3	
4841  	потомок	потомок	s	20.6	13.7	17.5	18.6	19.3	24.2	25.9	
4842  	рецепт	рецепт	s	20.6	7.1	13.9	15.2	22.2	17.6	29.6	
4843  	социально-экономический	социально-экономический	a	20.6	0.0	0.0	0.0	0.0	9.2	22.7	
4844  	удивленно	удивленно	adv	20.6	56.9	33.6	47.2	14.8	13.2	5.6	
4845  	арабский	арабский	a	20.5	3.5	7.3	8.0	10.4	5.9	37.2	
4846  	атом	атом	s	20.5	5.8	5.4	4.5	8.9	7.0	7.8	
4847  	букет	букет	s	20.5	25.7	23.1	26.4	20.8	25.3	21.6	
4848  	верность	верность	s	20.5	13.1	16.1	17.6	19.3	23.5	22.1	
4849  	защитный	защитный	a	20.5	20.2	6.5	9.1	11.9	15.8	18.9	
4850  	змея	змея	s	20.5	35.5	24.3	34.3	16.3	34.1	13.6	
4851  	китаец	китаец	s	20.5	4.4	6.9	29.0	7.4	43.6	24.4	
4852  	мораль	мораль	s	20.5	17.7	14.3	13.7	29.6	37.4	24.4	
4853  	наладить	наладить	v	20.5	18.6	12.9	13.7	17.8	31.2	28.9	
4854  	оказание	оказание	s	20.5	0.3	1.5	1.2	11.9	9.2	23.0	
4855  	поверхностный	поверхностный	a	20.5	6.0	2.9	5.0	7.4	19.4	10.9	
4856  	подъехать	подъехать	v	20.5	30.1	25.4	41.9	8.9	12.8	14.2	
4857  	покончить	покончить	v	20.5	25.9	25.7	25.6	53.4	34.9	20.7	
4858  	полотенце	полотенце	s	20.5	41.1	32.0	40.7	13.3	11.0	10.6	
4859  	провалиться	провалиться	v	20.5	39.5	33.2	30.2	13.3	19.8	17.4	
4860  	сопровождение	сопровождение	s	20.5	14.5	13.4	16.9	29.6	11.0	23.3	
4861  	средневековый	средневековый	a	20.5	8.7	6.9	8.7	17.8	23.1	14.0	
4862  	суждение	суждение	s	20.5	12.4	7.3	5.8	25.2	29.4	22.6	
4863  	тираж	тираж	s	20.5	2.1	6.4	8.5	10.4	27.9	36.8	
4864  	уволить	уволить	v	20.5	12.8	16.2	24.8	8.9	11.7	27.4	
4865  	шпион	шпион	s	20.5	35.6	28.3	33.7	37.1	31.2	15.4	
4866  	алкоголь	алкоголь	s	20.4	5.5	8.7	20.7	3.0	3.7	27.8	
4867  	возмутиться	возмутиться	v	20.4	32.3	42.0	41.9	1.5	15.0	10.2	
4868  	доставлять	доставлять	v	20.4	18.6	18.8	17.7	17.8	38.5	23.0	
4869  	жилец	жилец	s	20.4	17.7	29.8	21.2	5.9	19.8	26.4	
4870  	звездный	звездный	a	20.4	29.2	14.4	20.9	23.7	13.6	23.6	
4871  	накопить	накопить	v	20.4	12.6	9.3	10.1	22.2	25.3	23.1	
4872  	настроить	настроить	v	20.4	13.1	12.4	13.3	26.7	26.1	30.9	
4873  	объявлять	объявлять	v	20.4	18.4	23.3	18.6	17.8	29.0	24.7	
4874  	осколок	осколок	s	20.4	46.8	34.8	27.8	16.3	19.1	15.6	
4875  	палуба	палуба	s	20.4	73.2	34.1	23.4	29.6	25.7	12.3	
4876  	превращение	превращение	s	20.4	12.9	5.5	9.5	32.6	17.6	21.8	
4877  	прибавить	прибавить	v	20.4	29.8	24.7	23.5	37.1	30.1	18.9	
4878  	равнодушный	равнодушный	a	20.4	36.0	22.9	25.4	40.0	32.6	19.0	
4879  	спокойствие	спокойствие	s	20.4	32.6	29.8	21.9	20.8	34.9	18.7	
4880  	тезис	тезис	s	20.4	6.0	5.1	4.5	29.6	10.3	29.0	
4881  	электроэнергия	электроэнергия	s	20.4	1.9	1.5	1.6	3.0	6.6	39.0	
4882  	береза	береза	s	20.3	45.4	30.3	23.2	22.2	15.0	12.1	
4883  	важность	важность	s	20.3	13.7	12.9	9.2	14.8	22.7	20.8	
4884  	веко	веко	s	20.3	39.0	33.6	36.3	25.2	13.2	9.7	
4885  	вытекать	вытекать	v	20.3	5.0	8.6	10.4	16.3	12.5	17.1	
4886  	задолженность	задолженность	s	20.3	0.0	0.0	1.8	0.0	2.6	33.1	
4887  	залог	залог	s	20.3	4.2	4.0	9.4	16.3	7.0	22.9	
4888  	испуганно	испуганно	adv	20.3	66.1	44.6	42.9	7.4	7.7	4.4	
4889  	конкретно	конкретно	adv	20.3	5.8	12.5	19.6	3.0	29.0	22.9	
4890  	накопление	накопление	s	20.3	3.9	2.4	3.8	3.0	6.2	23.6	
4891  	организовывать	организовывать	v	20.3	5.7	5.6	10.0	20.8	27.1	25.4	
4892  	осознавать	осознавать	v	20.3	5.5	8.8	17.1	22.2	14.7	24.8	
4893  	очистить	очистить	v	20.3	16.7	13.8	12.5	21.5	28.5	20.2	
4894  	передовой	передовой	a	20.3	15.1	16.1	8.5	155.7	37.8	24.1	
4895  	пещера	пещера	s	20.3	40.1	26.9	31.3	13.3	9.5	14.2	
4896  	приступ	приступ	s	20.3	20.4	22.6	37.5	17.8	16.5	16.5	
4897  	проектирование	проектирование	s	20.3	1.1	0.0	0.0	3.0	7.7	21.6	
4898  	сердечный	сердечный	a	20.3	17.6	17.5	19.7	29.6	28.6	23.7	
4899  	сопровождаться	сопровождаться	v	20.3	4.6	3.2	5.6	14.8	11.4	21.8	
4900  	спичка	спичка	s	20.3	49.6	53.6	30.0	17.8	16.1	10.4	
4901  	струя	струя	s	20.3	36.9	33.5	34.2	17.8	15.8	9.9	
4902  	тактика	тактика	s	20.3	12.2	7.4	9.5	11.9	30.4	32.5	
4903  	таскать	таскать	v	20.3	34.2	33.8	35.6	14.8	22.0	13.1	
4904  	удачно	удачно	adv	20.3	17.4	18.3	23.1	28.2	24.2	23.4	
4905  	унести	унести	v	20.3	32.4	38.0	30.7	34.1	20.5	14.6	
4906  	уста	уста	s	20.3	11.7	15.9	20.8	26.7	20.9	25.1	
4907  	внесение	внесение	s	20.2	0.5	0.0	0.0	4.5	2.6	22.4	
4908  	здравоохранение	здравоохранение	s	20.2	1.6	1.8	2.8	17.8	12.1	30.3	
4909  	категорически	категорически	adv	20.2	12.9	18.8	13.7	4.5	17.6	31.4	
4910  	мужество	мужество	s	20.2	24.1	22.1	15.3	46.0	42.9	24.1	
4911  	мчаться	мчаться	v	20.2	56.9	34.8	30.2	35.6	28.6	12.3	
4912  	наименование	наименование	s	20.2	3.2	3.6	3.1	13.3	7.0	17.4	
4913  	наказать	наказать	v	20.2	23.9	28.6	27.6	20.8	16.9	20.3	
4914  	обнимать	обнимать	v	20.2	38.5	31.9	35.5	16.3	12.1	10.2	
4915  	остро	остро	adv	20.2	24.8	21.7	18.4	7.4	32.3	22.2	
4916  	плакат	плакат	s	20.2	21.8	16.6	22.7	37.1	32.3	23.5	
4917  	предать	предать	v	20.2	17.4	20.7	24.2	17.8	27.9	21.8	
4918  	принятый	принятый	a	20.2	7.3	8.2	8.8	28.2	29.0	26.2	
4919  	психика	психика	s	20.2	26.8	8.9	12.0	7.4	9.2	15.0	
4920  	солдатский	солдатский	a	20.2	44.3	38.1	25.2	14.8	42.2	16.1	
4921  	упорно	упорно	adv	20.2	23.4	25.6	22.2	47.4	27.1	22.2	
4922  	хлопать	хлопать	v	20.2	48.4	43.2	34.9	19.3	13.9	10.5	
4923  	электричество	электричество	s	20.2	22.0	15.5	20.4	13.3	15.8	21.1	
4924  	буря	буря	s	20.1	29.4	24.3	16.6	53.4	31.2	19.9	
4925  	выразиться	выразиться	v	20.1	26.8	19.2	22.8	19.3	23.1	18.9	
4926  	забросить	забросить	v	20.1	27.1	24.3	32.8	16.3	22.0	17.2	
4927  	закономерность	закономерность	s	20.1	6.9	7.5	5.1	7.4	19.8	13.9	
4928  	здешний	здешний	a	20.1	23.8	27.6	36.5	16.3	33.0	14.0	
4929  	исполниться	исполниться	v	20.1	10.6	13.6	17.6	38.5	24.2	27.5	
4930  	мелькать	мелькать	v	20.1	40.1	38.6	34.0	22.2	18.0	13.1	
4931  	многолетний	многолетний	a	20.1	11.0	8.1	9.4	25.2	24.9	28.8	
4932  	очерк	очерк	s	20.1	9.6	10.4	6.5	51.9	36.0	28.0	
4933  	передаваться	передаваться	v	20.1	11.9	7.5	8.0	17.8	19.1	21.5	
4934  	поверх	поверх	pr	20.1	42.5	35.3	35.0	10.4	14.3	12.1	
4935  	производительность	производительность	s	20.1	2.8	2.7	1.1	40.0	19.4	20.2	
4936  	сдерживать	сдерживать	v	20.1	30.1	26.2	23.0	22.2	25.3	18.5	
4937  	церемония	церемония	s	20.1	6.7	8.9	13.1	11.9	21.3	30.8	
4938  	автоматически	автоматически	adv	20.0	14.9	8.8	15.9	11.9	10.3	24.7	
4939  	аэродром	аэродром	s	20.0	29.8	29.4	11.6	32.6	19.4	26.4	
4940  	буфет	буфет	s	20.0	28.7	51.0	29.5	20.8	19.4	14.4	
4941  	винтовка	винтовка	s	20.0	53.9	49.4	19.2	16.3	43.3	15.4	
4942  	жажда	жажда	s	20.0	21.3	30.9	24.6	34.1	31.9	18.7	
4943  	метаться	метаться	v	20.0	31.6	40.0	35.4	17.8	16.5	13.1	
4944  	надежность	надежность	s	20.0	1.9	4.5	5.0	1.5	8.1	22.9	
4945  	одеваться	одеваться	v	20.0	35.8	29.0	31.2	17.8	27.5	14.0	
4946  	плоскость	плоскость	s	20.0	11.0	9.8	7.7	14.8	9.2	15.8	
4947  	плотность	плотность	s	20.0	5.3	4.1	2.4	5.9	7.7	9.7	
4948  	позади	позади	adv	20.0	44.0	37.9	26.8	8.9	26.1	13.8	
4949  	сдача	сдача	s	20.0	12.8	17.6	14.6	43.0	26.1	23.9	
4950  	сжать	сжать	v	20.0	59.4	36.7	37.8	11.9	12.1	7.1	
4951  	скот	скот	s	20.0	19.5	23.4	16.8	86.0	31.2	14.7	
4952  	смело	смело	adv	20.0	20.7	22.5	17.5	22.2	32.3	24.7	
4953  	творение	творение	s	20.0	7.8	11.2	15.0	14.8	22.7	21.8	
4954  	тем	тем	conj	20.0	26.2	26.4	18.3	16.3	18.3	19.6	
4955  	толкнуть	толкнуть	v	20.0	48.6	44.6	40.2	11.9	12.8	7.2	
4956  	убирать	убирать	v	20.0	24.8	21.6	26.4	28.2	25.7	16.5	
4957  	выработка	выработка	s	19.9	4.1	2.6	1.6	26.7	13.2	20.6	
4958  	вырезать	вырезать	v	19.9	23.4	21.0	23.9	22.2	28.2	16.9	
4959  	гипотеза	гипотеза	s	19.9	6.7	14.4	6.0	4.5	11.4	11.0	
4960  	добыть	добыть	v	19.9	26.1	23.0	21.9	19.3	24.9	19.9	
4961  	зад	зад	s	19.9	33.1	39.4	42.7	11.9	12.1	8.4	
4962  	заложник	заложник	s	19.9	2.8	4.3	12.1	1.5	10.3	39.6	
4963  	инстинкт	инстинкт	s	19.9	28.9	15.9	25.9	7.4	18.3	17.2	
4964  	кружок	кружок	s	19.9	25.4	22.8	18.8	141.4	38.0	19.1	
4965  	максимум	максимум	s	19.9	4.1	5.8	11.0	10.4	8.1	25.7	
4966  	наградить	наградить	v	19.9	15.6	15.1	11.8	50.4	23.1	30.9	
4967  	ничуть	ничуть	advpro	19.9	17.9	22.0	32.9	16.3	20.5	18.7	
4968  	овощи	овощи	s	19.9	6.7	7.8	11.4	17.8	47.7	26.8	
4969  	отвезти	отвезти	v	19.9	21.6	22.2	35.9	16.3	20.5	16.6	
4970  	пасть	пасть	v	19.9	19.5	23.8	24.0	32.6	24.2	18.1	
4971  	полдень	полдень	s	19.9	28.2	30.4	34.9	34.1	25.7	13.3	
4972  	радовать	радовать	v	19.9	12.6	12.5	14.9	17.8	26.1	28.3	
4973  	расставить	расставить	v	19.9	34.7	24.2	28.7	25.2	19.8	16.4	
4974  	совпадение	совпадение	s	19.9	12.1	14.2	22.1	54.9	15.0	19.2	
4975  	срочный	срочный	a	19.9	14.0	15.6	17.2	13.3	14.3	23.1	
4976  	а	а	intj	19.8	53.2	36.3	36.7	10.4	7.0	6.0	
4977  	альтернативный	альтернативный	a	19.8	0.0	0.0	2.2	0.0	1.8	28.6	
4978  	возглавить	возглавить	v	19.8	5.5	5.2	5.7	11.9	20.2	39.1	
4979  	жарко	жарко	adv	19.8	49.6	32.9	35.4	28.2	14.7	8.8	
4980  	животный	животный	a	19.8	13.7	7.9	11.0	14.8	11.7	10.2	
4981  	интерпретация	интерпретация	s	19.8	0.0	1.1	2.3	4.5	9.5	14.6	
4982  	классификация	классификация	s	19.8	1.8	1.0	1.7	3.0	3.7	10.7	
4983  	конгресс	конгресс	s	19.8	4.1	9.6	6.3	20.8	32.3	32.9	
4984  	кончик	кончик	s	19.8	40.2	27.1	31.5	13.3	11.4	8.3	
4985  	крестьянский	крестьянский	a	19.8	14.9	18.8	11.9	43.0	45.1	23.6	
4986  	молчаливый	молчаливый	a	19.8	39.9	42.2	30.8	28.2	32.6	11.5	
4987  	новейший	новейший	a	19.8	4.4	6.8	6.9	25.2	21.3	31.5	
4988  	отстать	отстать	v	19.8	39.7	36.3	29.7	11.9	16.5	13.5	
4989  	перчатка	перчатка	s	19.8	33.1	33.4	26.1	41.5	18.7	17.3	
4990  	поддержание	поддержание	s	19.8	2.3	2.2	4.0	4.5	9.2	24.6	
4991  	пригодиться	пригодиться	v	19.8	22.3	23.5	24.5	11.9	24.9	20.2	
4992  	пропасть	пропасть	s	19.8	23.9	27.1	26.6	22.2	19.4	18.7	
4993  	пуговица	пуговица	s	19.8	47.0	46.4	33.8	25.2	13.6	8.8	
4994  	раздаваться	раздаваться	v	19.8	36.2	23.4	24.9	22.2	35.2	18.9	
4995  	толщина	толщина	s	19.8	17.0	6.8	7.4	13.3	18.0	15.7	
4996  	царить	царить	v	19.8	14.9	14.7	23.4	37.1	23.1	24.1	
4997  	диапазон	диапазон	s	19.7	1.9	2.6	2.0	8.9	7.3	17.9	
4998  	допускаться	допускаться	v	19.7	3.4	3.1	2.3	13.3	15.0	13.0	
4999  	заинтересованный	заинтересованный	a	19.7	6.4	6.3	7.5	3.0	15.0	24.2	
5000  	криминальный	криминальный	a	19.7	1.6	2.0	22.1	1.5	2.2	33.9	

