
5001  	наблюдатель	наблюдатель	s	19.7	11.7	9.2	11.9	7.4	7.3	24.9	
5002  	нитка	нитка	s	19.7	27.5	29.7	29.6	7.4	20.5	13.2	
5003  	орел	орел	s	19.7	38.8	19.3	24.6	5.9	18.0	19.7	
5004  	поляна	поляна	s	19.7	31.4	38.4	26.2	17.8	21.6	13.5	
5005  	проволока	проволока	s	19.7	40.2	29.3	23.0	13.3	27.1	15.2	
5006  	разом	разом	adv	19.7	26.6	42.7	40.0	17.8	11.0	10.3	
5007  	рояль	рояль	s	19.7	12.1	26.1	21.6	31.1	35.6	25.1	
5008  	уличный	уличный	a	19.7	18.6	19.8	25.6	32.6	20.5	21.5	
5009  	шумный	шумный	a	19.7	27.5	27.0	22.8	40.0	27.1	21.1	
5010  	академический	академический	a	19.6	5.3	6.8	10.5	28.2	25.3	28.9	
5011  	аплодисменты	аплодисменты	s	19.6	14.2	21.4	14.1	51.9	36.3	27.6	
5012  	болезненный	болезненный	a	19.6	14.5	17.9	18.9	22.2	23.5	23.2	
5013  	выбить	выбить	v	19.6	23.9	26.6	33.0	19.3	26.8	16.3	
5014  	грандиозный	грандиозный	a	19.6	10.5	8.8	13.2	23.7	23.9	29.8	
5015  	гуманитарный	гуманитарный	a	19.6	1.8	2.2	7.0	5.9	8.8	24.1	
5016  	дабы	дабы	conj	19.6	9.8	19.4	22.6	22.2	10.3	23.7	
5017  	конфета	конфета	s	19.6	37.0	33.0	28.9	28.2	18.7	12.8	
5018  	легкое	легкое	s	19.6	17.9	20.5	20.8	17.8	29.4	17.7	
5019  	лошадиный	лошадиный	a	19.6	10.6	13.8	8.4	17.8	14.3	36.2	
5020  	любоваться	любоваться	v	19.6	28.5	32.7	27.8	19.3	34.5	14.2	
5021  	образовательный	образовательный	a	19.6	0.0	0.0	1.3	1.5	2.6	23.8	
5022  	освоить	освоить	v	19.6	5.5	6.9	9.5	23.7	33.8	28.8	
5023  	очнуться	очнуться	v	19.6	40.1	33.9	44.2	19.3	14.7	7.3	
5024  	пацан	пацан	s	19.6	9.6	24.8	51.1	5.9	4.4	9.0	
5025  	перевернуть	перевернуть	v	19.6	28.7	27.1	29.9	23.7	15.0	15.7	
5026  	придерживаться	придерживаться	v	19.6	10.1	9.2	8.0	22.2	22.4	26.1	
5027  	суета	суета	s	19.6	18.1	26.5	24.8	19.3	21.3	21.6	
5028  	травма	травма	s	19.6	5.3	5.8	11.1	8.9	6.2	32.6	
5029  	украшение	украшение	s	19.6	15.2	10.5	14.5	29.6	25.3	25.3	
5030  	физически	физически	adv	19.6	18.3	15.1	17.2	23.7	24.9	22.4	
5031  	худший	худший	a	19.6	16.1	14.6	19.5	13.3	24.2	24.7	
5032  	видимость	видимость	s	19.5	11.9	21.5	15.7	10.4	20.9	25.0	
5033  	выезжать	выезжать	v	19.5	14.9	18.2	18.7	23.7	34.9	25.5	
5034  	выработать	выработать	v	19.5	10.3	6.0	6.2	37.1	19.4	23.3	
5035  	дружеский	дружеский	a	19.5	17.9	17.0	16.6	37.1	42.2	25.7	
5036  	завернуть	завернуть	v	19.5	39.0	38.8	34.0	17.8	19.4	10.5	
5037  	задыхаться	задыхаться	v	19.5	38.1	39.3	34.3	29.6	16.9	11.3	
5038  	козел	козел	s	19.5	19.7	19.9	46.3	14.8	10.6	9.9	
5039  	лопата	лопата	s	19.5	50.0	35.7	32.7	25.2	24.6	10.0	
5040  	наряд	наряд	s	19.5	19.5	20.5	23.3	20.8	21.3	18.9	
5041  	недостаточный	недостаточный	a	19.5	6.6	4.0	4.0	14.8	17.2	24.1	
5042  	отступать	отступать	v	19.5	38.5	30.7	25.2	8.9	31.9	15.6	
5043  	пустяк	пустяк	s	19.5	43.1	36.8	28.5	29.6	29.4	12.3	
5044  	сочинить	сочинить	v	19.5	14.9	22.9	20.1	26.7	25.7	25.2	
5045  	стабильный	стабильный	a	19.5	0.0	1.4	3.3	0.0	5.9	28.9	
5046  	сыр	сыр	s	19.5	8.9	21.6	29.4	11.9	18.7	19.1	
5047  	тайга	тайга	s	19.5	50.9	47.1	18.1	14.8	23.5	14.5	
5048  	вмешательство	вмешательство	s	19.4	6.6	7.3	10.1	25.2	18.7	25.9	
5049  	возиться	возиться	v	19.4	47.0	43.5	32.4	19.3	18.7	9.2	
5050  	выпускник	выпускник	s	19.4	2.8	2.3	6.0	16.3	19.4	35.3	
5051  	дальнейшее	дальнейшее	s	19.4	6.6	5.4	5.2	19.3	15.8	25.0	
5052  	декорация	декорация	s	19.4	8.5	6.4	11.2	212.0	28.2	30.4	
5053  	джинсы	джинсы	s	19.4	3.0	22.1	44.2	1.5	9.9	14.0	
5054  	излучение	излучение	s	19.4	11.2	5.1	2.9	16.3	10.6	11.1	
5055  	корзина	корзина	s	19.4	50.2	25.3	24.5	28.2	23.1	15.3	
5056  	невозможность	невозможность	s	19.4	8.5	7.9	12.7	17.8	12.1	17.6	
5057  	неизменный	неизменный	a	19.4	11.7	10.1	14.3	34.1	27.5	22.0	
5058  	образованный	образованный	a	19.4	14.5	19.9	13.6	32.6	32.6	24.2	
5059  	октябрьский	октябрьский	a	19.4	10.6	13.4	10.1	105.2	48.8	27.2	
5060  	ориентация	ориентация	s	19.4	1.2	1.8	5.8	0.0	5.9	22.6	
5061  	отражаться	отражаться	v	19.4	22.3	17.0	18.9	19.3	9.5	17.0	
5062  	петля	петля	s	19.4	30.5	23.8	32.5	11.9	15.8	13.2	
5063  	печаль	печаль	s	19.4	23.4	29.7	27.3	25.2	17.2	16.1	
5064  	повсюду	повсюду	advpro	19.4	21.4	22.6	28.1	38.5	33.4	17.4	
5065  	полотно	полотно	s	19.4	16.8	18.4	17.1	20.8	25.3	23.3	
5066  	поработать	поработать	v	19.4	19.3	16.1	20.3	17.8	26.4	24.8	
5067  	поселиться	поселиться	v	19.4	17.6	23.5	22.6	29.6	35.6	21.2	
5068  	прелесть	прелесть	s	19.4	23.4	20.9	23.5	25.2	34.1	18.2	
5069  	разнообразие	разнообразие	s	19.4	7.8	5.4	7.3	19.3	17.6	21.2	
5070  	регулярный	регулярный	a	19.4	1.8	4.3	6.1	10.4	8.8	26.7	
5071  	скучать	скучать	v	19.4	26.2	25.6	29.8	37.1	23.5	14.3	
5072  	старательно	старательно	adv	19.4	35.3	35.8	35.9	25.2	15.0	11.4	
5073  	традиционно	традиционно	adv	19.4	0.9	1.1	4.1	1.5	7.7	32.0	
5074  	уверить	уверить	v	19.4	22.9	20.7	22.1	17.8	18.3	22.1	
5075  	упор	упор	s	19.4	31.9	26.9	24.9	11.9	13.6	17.3	
5076  	э	э	intj	19.4	25.5	16.6	21.2	7.4	2.9	3.3	
5077  	владение	владение	s	19.3	3.9	6.7	10.8	14.8	20.5	20.8	
5078  	вторник	вторник	s	19.3	7.8	8.2	9.1	8.9	5.1	34.6	
5079  	дьявол	дьявол	s	19.3	24.5	27.6	33.5	19.3	9.5	12.8	
5080  	обнаруживать	обнаруживать	v	19.3	8.9	14.4	14.3	13.3	25.3	18.0	
5081  	относительный	относительный	a	19.3	4.2	7.3	6.8	5.9	20.2	16.6	
5082  	парламентский	парламентский	a	19.3	0.0	0.8	3.0	7.4	13.6	42.5	
5083  	поспешно	поспешно	adv	19.3	75.3	42.0	36.3	8.9	11.0	4.5	
5084  	разноцветный	разноцветный	a	19.3	32.6	27.6	33.8	17.8	17.6	13.7	
5085  	сбоку	сбоку	adv	19.3	37.8	32.7	27.1	14.8	12.5	8.2	
5086  	темно	темно	adv	19.3	47.7	41.7	34.9	13.3	10.6	7.7	
5087  	толком	толком	adv	19.3	24.6	24.7	32.5	20.8	15.0	16.2	
5088  	увеличивать	увеличивать	v	19.3	7.8	4.2	5.6	17.8	13.9	25.4	
5089  	всероссийский	всероссийский	a	19.2	0.7	2.3	3.7	25.2	21.3	31.8	
5090  	генетический	генетический	a	19.2	1.2	6.4	4.2	4.5	2.9	12.5	
5091  	гудеть	гудеть	v	19.2	58.0	43.2	33.3	11.9	14.3	8.0	
5092  	епископ	епископ	s	19.2	2.7	1.0	11.3	44.5	11.0	20.7	
5093  	изначально	изначально	adv	19.2	0.7	3.5	8.2	1.5	3.3	30.8	
5094  	интенсивный	интенсивный	a	19.2	2.7	3.2	3.5	4.5	13.2	20.7	
5095  	пласт	пласт	s	19.2	10.3	10.5	8.3	51.9	19.4	11.1	
5096  	подружка	подружка	s	19.2	31.4	18.9	36.2	14.8	6.6	11.7	
5097  	полоска	полоска	s	19.2	38.1	26.0	23.0	28.2	18.3	11.9	
5098  	поразительный	поразительный	a	19.2	18.8	16.6	14.1	13.3	41.1	24.4	
5099  	пресс-конференция	пресс-конференция	s	19.2	0.7	1.4	4.3	10.4	7.7	44.1	
5100  	пропуск	пропуск	s	19.2	18.8	21.9	16.5	10.4	23.9	18.3	
5101  	редкость	редкость	s	19.2	15.4	18.7	18.7	37.1	28.2	25.2	
5102  	сопротивляться	сопротивляться	v	19.2	18.3	25.4	28.8	10.4	23.9	17.6	
5103  	твориться	твориться	v	19.2	20.7	25.2	27.0	16.3	14.7	19.2	
5104  	бригадир	бригадир	s	19.1	93.2	33.9	20.3	109.7	38.5	8.2	
5105  	гладить	гладить	v	19.1	36.9	31.7	37.0	13.3	6.6	8.5	
5106  	дипломат	дипломат	s	19.1	8.3	6.9	17.1	13.3	11.7	31.4	
5107  	колония	колония	s	19.1	5.7	17.1	9.6	37.1	106.4	24.0	
5108  	коса	коса	s	19.1	60.4	39.9	23.9	17.8	17.2	11.7	
5109  	литератор	литератор	s	19.1	5.7	12.9	15.3	53.4	36.3	30.0	
5110  	обман	обман	s	19.1	21.4	22.4	21.3	11.9	21.3	19.5	
5111  	отходы	отходы	s	19.1	3.4	6.4	4.6	11.9	14.3	19.0	
5112  	печатный	печатный	a	19.1	9.2	10.1	8.0	34.1	15.8	27.9	
5113  	печень	печень	s	19.1	5.1	10.1	18.5	4.5	6.6	13.0	
5114  	позитивный	позитивный	a	19.1	1.2	0.8	2.7	4.5	2.9	26.6	
5115  	потерпеть	потерпеть	v	19.1	18.6	21.7	25.6	25.2	20.5	19.3	
5116  	премьер-министр	премьер-министр	s	19.1	1.1	2.4	3.9	29.6	12.5	39.0	
5117  	славянский	славянский	a	19.1	3.7	7.4	17.1	10.4	11.0	24.6	
5118  	спрятаться	спрятаться	v	19.1	35.8	32.5	37.0	13.3	14.7	10.4	
5119  	эстетический	эстетический	a	19.1	3.4	4.1	6.2	34.1	29.0	24.2	
5120  	величайший	величайший	a	19.0	30.5	17.0	14.5	62.3	42.2	18.4	
5121  	витрина	витрина	s	19.0	27.3	23.9	26.7	34.1	15.8	18.2	
5122  	госпожа	госпожа	s	19.0	17.6	39.0	23.8	54.9	15.0	18.9	
5123  	дружно	дружно	adv	19.0	24.3	28.4	22.3	20.8	26.1	20.9	
5124  	кинотеатр	кинотеатр	s	19.0	10.8	15.6	14.9	16.3	22.0	30.7	
5125  	код	код	s	19.0	3.9	4.0	10.8	1.5	1.5	13.7	
5126  	неясный	неясный	a	19.0	29.1	33.4	23.4	14.8	14.3	14.0	
5127  	плюс	плюс	s	19.0	4.6	7.2	13.8	4.5	11.0	29.2	
5128  	приподнять	приподнять	v	19.0	42.7	29.9	35.6	14.8	13.2	7.3	
5129  	пускай	пускай	part	19.0	48.2	44.9	27.4	19.3	27.9	9.2	
5130  	разорвать	разорвать	v	19.0	29.1	25.2	28.8	17.8	15.8	15.3	
5131  	снаружи	снаружи	adv	19.0	22.1	20.7	32.5	8.9	13.2	13.4	
5132  	трястись	трястись	v	19.0	36.7	36.6	40.2	7.4	11.7	7.7	
5133  	убежденный	убежденный	a	19.0	18.1	14.8	12.5	37.1	30.8	26.8	
5134  	шарик	шарик	s	19.0	24.1	29.7	26.8	14.8	16.9	13.5	
5135  	шахматы	шахматы	s	19.0	18.6	17.9	10.4	17.8	17.2	32.3	
5136  	батюшка	батюшка	s	18.9	16.8	21.0	29.1	23.7	10.3	15.6	
5137  	бешеный	бешеный	a	18.9	28.5	22.6	29.8	17.8	15.8	17.2	
5138  	диагноз	диагноз	s	18.9	4.6	6.3	15.5	3.0	9.9	21.9	
5139  	долина	долина	s	18.9	21.4	32.0	14.8	35.6	20.5	18.6	
5140  	дуть	дуть	v	18.9	41.5	39.0	29.9	16.3	14.7	11.3	
5141  	женатый	женатый	a	18.9	16.5	18.4	25.6	17.8	16.1	18.8	
5142  	занести	занести	v	18.9	27.8	31.3	28.2	20.8	18.7	13.8	
5143  	кипеть	кипеть	v	18.9	22.7	27.9	22.6	20.8	22.0	17.4	
5144  	обнаружение	обнаружение	s	18.9	2.5	3.5	1.9	3.0	3.7	17.4	
5145  	огурец	огурец	s	18.9	17.9	28.1	25.1	20.8	21.3	16.0	
5146  	ориентировать	ориентировать	v	18.9	1.8	1.3	1.5	0.0	8.4	22.4	
5147  	открытка	открытка	s	18.9	13.3	22.6	15.1	38.5	20.9	23.3	
5148  	поворачиваться	поворачиваться	v	18.9	49.6	29.7	29.4	20.8	15.4	10.6	
5149  	предварительно	предварительно	adv	18.9	9.2	11.0	13.8	4.5	19.1	20.1	
5150  	прощение	прощение	s	18.9	20.2	20.5	27.2	25.2	18.0	13.1	
5151  	роковой	роковой	a	18.9	18.3	18.5	19.2	35.6	30.8	23.1	
5152  	рыцарь	рыцарь	s	18.9	15.4	12.2	35.2	17.8	13.2	14.4	
5153  	рычаг	рычаг	s	18.9	26.2	14.7	15.1	7.4	14.3	24.0	
5154  	симпатия	симпатия	s	18.9	14.2	14.2	14.2	43.0	32.6	26.9	
5155  	сойтись	сойтись	v	18.9	22.9	30.8	26.7	13.3	24.2	17.0	
5156  	стихия	стихия	s	18.9	5.7	15.3	15.6	35.6	28.2	24.1	
5157  	уцелеть	уцелеть	v	18.9	28.4	25.4	25.5	37.1	43.3	16.3	
5158  	влюбиться	влюбиться	v	18.8	23.4	23.3	28.7	13.3	12.1	17.2	
5159  	воспитать	воспитать	v	18.8	15.2	14.7	14.2	31.1	31.9	23.8	
5160  	выстроить	выстроить	v	18.8	8.9	12.8	16.7	26.7	24.6	26.0	
5161  	газетный	газетный	a	18.8	18.3	21.1	19.7	47.4	30.8	23.6	
5162  	горечь	горечь	s	18.8	35.1	30.1	22.8	23.7	23.1	16.1	
5163  	горячо	горячо	adv	18.8	35.3	26.5	25.6	56.3	30.8	15.0	
5164  	завершиться	завершиться	v	18.8	3.2	2.4	9.8	3.0	12.8	34.4	
5165  	злоба	злоба	s	18.8	44.3	28.4	27.3	23.7	19.8	12.3	
5166  	кора	кора	s	18.8	25.4	12.8	10.6	22.2	8.4	11.3	
5167  	любовник	любовник	s	18.8	7.8	11.1	38.9	14.8	4.4	14.2	
5168  	мороженое	мороженое	s	18.8	42.7	22.2	25.0	25.2	18.0	15.9	
5169  	неподвижный	неподвижный	a	18.8	47.5	32.0	29.2	35.6	18.7	7.0	
5170  	новогодний	новогодний	a	18.8	7.6	6.4	11.7	25.2	30.8	28.5	
5171  	отставать	отставать	v	18.8	26.9	28.1	17.8	32.6	22.0	20.0	
5172  	посчитать	посчитать	v	18.8	11.2	18.5	17.8	1.5	14.7	25.5	
5173  	садовый	садовый	a	18.8	11.0	14.1	16.6	23.7	13.2	21.1	
5174  	секретарша	секретарша	s	18.8	22.0	27.0	41.8	4.5	15.0	10.9	
5175  	трещина	трещина	s	18.8	15.8	16.8	19.2	74.1	20.5	13.8	
5176  	лишиться	лишиться	v	18.7	10.5	13.9	20.2	19.3	25.7	24.6	
5177  	локальный	локальный	a	18.7	0.0	0.9	2.9	0.0	4.8	15.8	
5178  	марш	марш	s	18.7	24.6	31.2	16.5	20.8	22.7	19.5	
5179  	нарочно	нарочно	adv	18.7	51.8	46.7	29.4	19.3	14.3	8.8	
5180  	нуль	нуль	s	18.7	12.8	13.7	11.7	4.5	16.1	20.9	
5181  	обедать	обедать	v	18.7	40.9	30.2	23.2	40.0	36.0	15.3	
5182  	ограда	ограда	s	18.7	27.6	39.3	30.2	17.8	12.5	11.6	
5183  	песнь	песнь	s	18.7	7.1	8.6	9.4	17.8	21.6	20.7	
5184  	печально	печально	adv	18.7	37.4	29.4	29.7	8.9	11.7	14.5	
5185  	политбюро	политбюро	s	18.7	2.3	3.7	5.7	29.6	115.6	32.2	
5186  	постучать	постучать	v	18.7	47.3	38.9	38.2	19.3	12.1	6.6	
5187  	предпочтение	предпочтение	s	18.7	2.8	3.1	3.8	5.9	11.0	24.8	
5188  	придумывать	придумывать	v	18.7	20.6	19.7	20.9	19.3	33.4	20.5	
5189  	резиновый	резиновый	a	18.7	34.7	25.6	26.5	19.3	14.3	14.5	
5190  	реформирование	реформирование	s	18.7	0.0	0.0	0.0	0.0	0.0	39.3	
5191  	ссылаться	ссылаться	v	18.7	11.2	7.8	10.4	20.8	26.4	23.9	
5192  	уловить	уловить	v	18.7	23.4	32.0	28.2	23.7	20.2	12.1	
5193  	умолять	умолять	v	18.7	21.1	35.0	30.1	23.7	20.5	13.7	
5194  	чаша	чаша	s	18.7	15.1	17.4	21.5	10.4	12.8	18.1	
5195  	шуба	шуба	s	18.7	21.8	31.1	32.1	37.1	12.5	13.9	
5196  	аппаратура	аппаратура	s	18.6	17.9	6.0	10.7	13.3	11.7	22.9	
5197  	ведать	ведать	v	18.6	14.5	21.5	29.2	5.9	28.2	17.7	
5198  	витамин	витамин	s	18.6	7.1	5.0	6.4	7.4	25.7	27.4	
5199  	вон	вон	advpro	18.6	29.1	31.9	34.7	11.9	13.9	9.8	
5200  	горько	горько	adv	18.6	43.1	41.6	27.1	7.4	16.1	12.7	
5201  	доставка	доставка	s	18.6	3.4	5.0	4.8	4.5	15.4	24.1	
5202  	заработок	заработок	s	18.6	10.6	10.9	14.1	25.2	31.9	24.1	
5203  	кавказский	кавказский	a	18.6	7.6	14.6	16.7	19.3	21.3	25.3	
5204  	мент	мент	s	18.6	4.1	1.7	62.8	0.0	0.0	6.5	
5205  	нежно	нежно	adv	18.6	25.9	24.0	36.5	19.3	20.5	11.8	
5206  	неправда	неправда	s	18.6	23.6	30.1	20.9	11.9	18.3	15.3	
5207  	повлиять	повлиять	v	18.6	5.0	4.7	7.3	10.4	15.0	29.4	
5208  	подвергаться	подвергаться	v	18.6	12.8	4.7	4.9	25.2	22.4	20.1	
5209  	престижный	престижный	a	18.6	0.0	1.9	11.9	0.0	5.5	35.8	
5210  	прощание	прощание	s	18.6	26.2	21.0	26.9	19.3	27.1	19.1	
5211  	сердито	сердито	adv	18.6	98.5	43.5	28.6	11.9	5.1	4.0	
5212  	содействие	содействие	s	18.6	3.7	5.2	4.0	5.9	10.3	23.3	
5213  	стадо	стадо	s	18.6	25.9	33.5	20.3	25.2	34.1	15.1	
5214  	съездить	съездить	v	18.6	23.9	19.6	27.6	25.2	24.2	15.0	
5215  	толчок	толчок	s	18.6	38.6	27.1	22.1	28.2	24.6	14.2	
5216  	турецкий	турецкий	a	18.6	5.5	43.5	13.4	22.2	15.0	21.4	
5217  	цитировать	цитировать	v	18.6	8.7	9.3	8.0	28.2	16.1	25.6	
5218  	агрегат	агрегат	s	18.5	2.7	2.9	3.5	19.3	11.0	20.5	
5219  	бедность	бедность	s	18.5	7.4	9.1	14.2	14.8	22.0	26.7	
5220  	беспокойство	беспокойство	s	18.5	30.8	28.8	24.9	22.2	27.9	14.6	
5221  	именовать	именовать	v	18.5	6.7	13.1	16.8	16.3	17.6	21.4	
5222  	исправить	исправить	v	18.5	21.4	15.3	14.2	19.3	26.1	21.3	
5223  	казенный	казенный	a	18.5	24.5	31.3	24.0	66.7	19.8	15.8	
5224  	калитка	калитка	s	18.5	48.9	47.1	32.1	13.3	12.1	7.6	
5225  	куда-нибудь	куда-нибудь	advpro	18.5	32.4	32.9	30.8	11.9	12.8	10.2	
5226  	мед	мед	s	18.5	19.5	23.8	20.9	19.3	19.8	17.2	
5227  	окраска	окраска	s	18.5	9.4	7.9	4.7	14.8	12.8	13.7	
5228  	опускаться	опускаться	v	18.5	32.8	32.0	24.7	16.3	16.5	14.3	
5229  	повреждение	повреждение	s	18.5	15.6	3.6	4.7	4.5	5.5	16.4	
5230  	проникать	проникать	v	18.5	15.8	15.6	19.3	26.7	14.7	16.2	
5231  	протягивать	протягивать	v	18.5	40.9	34.9	33.3	14.8	20.2	9.4	
5232  	разбирать	разбирать	v	18.5	29.1	22.6	21.7	14.8	33.4	15.8	
5233  	расставаться	расставаться	v	18.5	23.2	26.1	19.9	17.8	29.7	20.4	
5234  	саратовский	саратовский	a	18.5	1.4	1.3	1.6	5.9	12.1	38.0	
5235  	совершенство	совершенство	s	18.5	18.4	14.4	13.3	46.0	20.2	19.8	
5236  	татарин	татарин	s	18.5	12.4	10.6	26.5	7.4	18.3	15.9	
5237  	толкать	толкать	v	18.5	42.5	32.2	25.0	14.8	28.6	13.2	
5238  	упоминать	упоминать	v	18.5	5.7	14.4	12.2	34.1	29.7	23.0	
5239  	бесполезный	бесполезный	a	18.4	21.3	19.7	25.8	22.2	15.8	17.0	
5240  	вакцина	вакцина	s	18.4	0.5	0.0	0.6	1.5	1.1	5.9	
5241  	вдвое	вдвое	adv	18.4	12.4	13.8	13.2	20.8	25.3	25.3	
5242  	вкладывать	вкладывать	v	18.4	9.2	7.0	9.4	5.9	19.4	30.0	
5243  	впрямь	впрямь	adv	18.4	9.2	31.2	37.7	16.3	13.6	13.2	
5244  	глина	глина	s	18.4	35.8	24.8	21.9	22.2	17.6	14.8	
5245  	заведовать	заведовать	v	18.4	22.0	13.9	11.2	46.0	30.1	24.5	
5246  	крутиться	крутиться	v	18.4	21.4	32.4	30.6	22.2	14.3	13.9	
5247  	молочный	молочный	a	18.4	15.2	13.9	15.1	19.3	17.6	18.8	
5248  	мотоцикл	мотоцикл	s	18.4	40.4	37.5	23.9	16.3	13.2	14.4	
5249  	отбросить	отбросить	v	18.4	27.1	29.0	28.5	10.4	16.1	14.0	
5250  	отступить	отступить	v	18.4	33.5	31.7	31.3	13.3	26.1	11.5	
5251  	полицейский	полицейский	s	18.4	14.7	12.5	24.0	37.1	34.5	23.6	
5252  	поменять	поменять	v	18.4	1.6	6.1	21.2	1.5	5.5	25.3	
5253  	руководствоваться	руководствоваться	v	18.4	8.5	4.9	5.2	3.0	18.3	23.3	
5254  	скрипка	скрипка	s	18.4	26.2	26.1	15.4	23.7	29.4	23.8	
5255  	сука	сука	s	18.4	10.1	27.1	52.2	7.4	6.6	4.3	
5256  	трезвый	трезвый	a	18.4	17.6	29.2	28.8	13.3	23.5	15.9	
5257  	уговорить	уговорить	v	18.4	20.6	23.5	22.8	11.9	27.1	20.9	
5258  	успокаивать	успокаивать	v	18.4	28.2	30.2	26.2	14.8	24.9	15.2	
5259  	учащийся	учащийся	s	18.4	3.0	3.3	2.2	65.2	15.4	14.8	
5260  	фонтан	фонтан	s	18.4	20.0	22.0	25.0	29.6	13.2	15.4	
5261  	цивилизованный	цивилизованный	a	18.4	5.1	4.1	7.9	4.5	7.0	36.5	
5262  	бег	бег	s	18.3	26.4	40.0	25.3	20.8	23.1	13.0	
5263  	властный	властный	a	18.3	16.1	12.7	14.0	10.4	10.6	26.4	
5264  	восхищение	восхищение	s	18.3	29.1	21.9	22.8	35.6	24.9	17.6	
5265  	выезд	выезд	s	18.3	9.6	10.6	13.9	34.1	14.3	25.6	
5266  	жевать	жевать	v	18.3	35.5	39.3	36.5	11.9	9.2	8.1	
5267  	жестко	жестко	adv	18.3	14.7	14.3	21.1	3.0	8.4	21.8	
5268  	закат	закат	s	18.3	27.3	29.0	29.2	44.5	11.4	14.4	
5269  	запрещать	запрещать	v	18.3	11.7	14.6	12.0	11.9	19.1	25.5	
5270  	интеграция	интеграция	s	18.3	0.0	0.0	0.0	1.5	0.0	22.7	
5271  	иркутский	иркутский	a	18.3	1.4	1.7	1.0	1.5	2.2	31.7	
5272  	кривой	кривой	a	18.3	33.1	26.1	32.3	48.9	10.6	9.9	
5273  	лыжа	лыжа	s	18.3	21.3	33.5	17.5	50.4	22.7	20.0	
5274  	направо	направо	adv	18.3	30.7	25.7	30.4	13.3	16.5	11.6	
5275  	опускать	опускать	v	18.3	30.5	27.1	26.1	22.2	14.7	13.1	
5276  	повестка	повестка	s	18.3	9.2	14.8	8.8	13.3	20.5	23.7	
5277  	повредить	повредить	v	18.3	20.4	13.6	14.8	13.3	16.1	19.6	
5278  	поесть	поесть	v	18.3	29.8	27.4	27.6	17.8	16.1	11.9	
5279  	потребительский	потребительский	a	18.3	0.0	0.5	1.2	3.0	8.1	23.8	
5280  	предпочесть	предпочесть	v	18.3	10.3	9.8	18.2	13.3	13.6	26.9	
5281  	предшествовать	предшествовать	v	18.3	3.0	7.9	6.5	14.8	19.4	18.5	
5282  	прижаться	прижаться	v	18.3	43.8	40.3	40.5	7.4	9.2	4.9	
5283  	продвижение	продвижение	s	18.3	9.6	5.0	4.6	8.9	16.9	27.5	
5284  	распорядиться	распорядиться	v	18.3	18.4	21.6	30.2	13.3	18.3	17.0	
5285  	ручной	ручной	a	18.3	21.4	11.8	12.2	11.9	18.0	20.9	
5286  	сказаться	сказаться	v	18.3	7.6	9.7	9.3	25.2	26.8	28.1	
5287  	сомнительный	сомнительный	a	18.3	8.7	11.1	17.6	28.2	15.8	25.2	
5288  	соотечественник	соотечественник	s	18.3	6.9	4.7	9.2	11.9	11.7	32.4	
5289  	сочувствие	сочувствие	s	18.3	23.9	24.8	22.7	16.3	36.3	16.3	
5290  	становление	становление	s	18.3	1.2	1.0	1.6	5.9	11.7	21.1	
5291  	улететь	улететь	v	18.3	25.0	24.7	30.5	16.3	10.3	16.6	
5292  	восемнадцать	восемнадцать	num	18.2	22.1	28.0	24.9	25.2	27.5	12.2	
5293  	договоренность	договоренность	s	18.2	2.5	2.7	6.9	4.5	11.7	29.6	
5294  	дожить	дожить	v	18.2	17.4	19.7	22.8	16.3	23.1	19.8	
5295  	думаться	думаться	v	18.2	21.3	19.7	15.0	22.2	18.3	20.1	
5296  	зажечь	зажечь	v	18.2	46.3	32.7	28.4	23.7	20.5	9.8	
5297  	издали	издали	adv	18.2	60.6	47.3	22.4	20.8	25.3	8.6	
5298  	отвратительный	отвратительный	a	18.2	21.4	25.4	33.2	32.6	14.7	13.4	
5299  	планирование	планирование	s	18.2	1.8	0.6	1.6	3.0	9.2	19.5	
5300  	простыня	простыня	s	18.2	26.8	30.2	41.8	10.4	12.8	8.2	
5301  	пышный	пышный	a	18.2	26.6	22.9	25.1	31.1	18.0	16.2	
5302  	служение	служение	s	18.2	5.0	4.3	6.5	11.9	12.8	26.3	
5303  	спецслужба	спецслужба	s	18.2	0.7	0.0	10.1	0.0	0.7	38.9	
5304  	физиономия	физиономия	s	18.2	27.6	26.6	39.3	26.7	6.2	9.8	
5305  	характеризоваться	характеризоваться	v	18.2	0.0	1.8	0.0	3.0	1.5	9.0	
5306  	аналитик	аналитик	s	18.1	0.5	1.4	5.2	0.0	0.0	40.4	
5307  	аналитический	аналитический	a	18.1	2.3	1.1	4.1	1.5	0.0	19.1	
5308  	вдали	вдали	adv	18.1	32.3	31.1	27.4	13.3	16.1	12.7	
5309  	входной	входной	a	18.1	10.1	13.1	29.0	5.9	8.4	11.0	
5310  	жительство	жительство	s	18.1	3.2	4.3	7.8	8.9	11.4	17.4	
5311  	задеть	задеть	v	18.1	31.7	26.4	30.8	19.3	20.2	12.8	
5312  	интеллигент	интеллигент	s	18.1	9.4	19.2	18.3	28.2	54.7	22.9	
5313  	колючий	колючий	a	18.1	35.8	29.2	29.2	13.3	22.7	12.3	
5314  	навести	навести	v	18.1	22.1	21.7	24.9	8.9	18.3	17.7	
5315  	налево	налево	adv	18.1	27.6	25.1	29.8	17.8	19.4	12.0	
5316  	неверный	неверный	a	18.1	18.8	18.5	16.0	17.8	25.3	17.2	
5317  	нисколько	нисколько	advpro	18.1	34.2	32.6	24.6	29.6	24.2	13.2	
5318  	офицерский	офицерский	a	18.1	24.5	33.0	20.4	11.9	18.7	18.2	
5319  	преподавать	преподавать	v	18.1	10.5	13.8	15.4	22.2	21.3	25.8	
5320  	приготовление	приготовление	s	18.1	9.9	8.3	9.7	19.3	14.3	22.3	
5321  	прикрывать	прикрывать	v	18.1	31.4	26.1	28.9	19.3	19.1	12.8	
5322  	примета	примета	s	18.1	19.1	18.8	25.0	14.8	22.4	17.4	
5323  	пройтись	пройтись	v	18.1	35.1	36.2	32.0	20.8	12.1	10.8	
5324  	против	против	adv	18.1	15.6	20.2	22.6	16.3	20.9	18.9	
5325  	прыгнуть	прыгнуть	v	18.1	35.5	34.3	33.5	23.7	11.0	10.3	
5326  	пыльный	пыльный	a	18.1	39.4	28.1	38.5	19.3	14.3	8.1	
5327  	радикальный	радикальный	a	18.1	0.5	1.7	4.3	7.4	10.6	31.4	
5328  	развлечение	развлечение	s	18.1	13.5	13.2	16.3	40.0	26.8	22.4	
5329  	се	се	spro	18.1	16.3	29.5	31.6	10.4	11.0	10.4	
5330  	укрепить	укрепить	v	18.1	17.4	12.7	12.4	23.7	28.2	22.4	
5331  	висок	висок	s	18.0	38.1	31.7	39.9	5.9	7.3	7.3	
5332  	гад	гад	s	18.0	32.8	38.8	39.9	4.5	9.5	5.8	
5333  	даль	даль	s	18.0	27.3	25.3	19.2	37.1	38.1	17.6	
5334  	евро	евро	s	18.0	0.0	0.0	0.6	0.0	0.0	38.9	
5335  	задержаться	задержаться	v	18.0	37.8	33.2	28.2	20.8	21.6	12.3	
5336  	знакомиться	знакомиться	v	18.0	17.6	17.8	17.3	38.5	26.1	18.4	
5337  	индекс	индекс	s	18.0	1.4	0.8	1.0	0.0	2.2	14.5	
5338  	кинуть	кинуть	v	18.0	30.3	32.4	36.9	11.9	11.4	8.1	
5339  	классик	классик	s	18.0	6.9	12.2	13.9	38.5	18.7	28.3	
5340  	купаться	купаться	v	18.0	32.8	30.4	24.0	32.6	19.4	14.2	
5341  	маршал	маршал	s	18.0	12.2	12.3	11.4	22.2	26.4	30.2	
5342  	немыслимый	немыслимый	a	18.0	14.0	20.5	20.7	22.2	30.8	19.6	
5343  	нервничать	нервничать	v	18.0	19.0	29.2	28.7	8.9	20.5	15.2	
5344  	обзор	обзор	s	18.0	5.3	5.5	6.8	10.4	7.7	19.2	
5345  	отчетность	отчетность	s	18.0	2.3	1.4	1.9	4.5	3.3	22.7	
5346  	параллельно	параллельно	adv	18.0	3.4	6.9	7.3	8.9	13.6	25.6	
5347  	поспешить	поспешить	v	18.0	25.5	27.0	31.5	13.3	12.1	14.1	
5348  	править	править	v	18.0	8.7	15.0	16.7	17.8	17.2	24.7	
5349  	пробить	пробить	v	18.0	31.0	24.2	24.3	17.8	18.3	16.3	
5350  	проделать	проделать	v	18.0	22.1	15.3	18.2	20.8	23.1	18.7	
5351  	путешественник	путешественник	s	18.0	39.2	16.2	23.4	29.6	40.0	15.0	
5352  	сдаваться	сдаваться	v	18.0	17.4	26.4	23.5	23.7	27.5	18.1	
5353  	ступать	ступать	v	18.0	40.6	44.9	34.9	17.8	14.7	6.2	
5354  	шахматный	шахматный	a	18.0	15.6	15.1	9.4	32.6	26.8	29.9	
5355  	дежурный	дежурный	a	17.9	20.6	18.5	23.0	5.9	19.1	16.1	
5356  	завет	завет	s	17.9	1.8	3.8	10.3	31.1	11.7	15.2	
5357  	искра	искра	s	17.9	27.5	29.9	30.3	16.3	12.5	10.1	
5358  	клясться	клясться	v	17.9	26.6	35.0	33.7	17.8	10.3	10.3	
5359  	пестрый	пестрый	a	17.9	28.9	26.7	29.5	34.1	20.5	11.4	
5360  	питаться	питаться	v	17.9	12.8	18.3	19.2	19.3	18.3	18.4	
5361  	пищевой	пищевой	a	17.9	2.5	3.2	3.3	14.8	27.9	18.3	
5362  	погон	погон	s	17.9	20.9	26.7	25.5	13.3	14.7	19.2	
5363  	потрясать	потрясать	v	17.9	12.6	13.8	16.1	16.3	18.3	24.6	
5364  	промолчать	промолчать	v	17.9	43.6	34.4	35.2	7.4	9.9	7.7	
5365  	снижать	снижать	v	17.9	3.5	3.1	4.1	4.5	9.5	25.7	
5366  	сосредоточить	сосредоточить	v	17.9	18.1	9.6	10.9	17.8	23.9	20.5	
5367  	употребление	употребление	s	17.9	5.8	5.9	8.7	7.4	12.5	18.6	
5368  	хаос	хаос	s	17.9	13.7	13.4	15.9	20.8	15.4	19.2	
5369  	энергичный	энергичный	a	17.9	17.9	15.3	13.2	22.2	33.4	24.3	
5370  	а-а	а-а	intj	17.8	22.3	34.8	31.5	3.0	2.6	2.7	
5371  	адекватный	адекватный	a	17.8	0.0	0.6	3.6	0.0	1.5	19.5	
5372  	взнос	взнос	s	17.8	2.5	4.5	5.8	13.3	8.8	26.4	
5373  	возврат	возврат	s	17.8	4.4	8.3	7.3	19.3	17.2	23.5	
5374  	выключить	выключить	v	17.8	28.5	24.8	35.4	5.9	7.3	8.2	
5375  	дуб	дуб	s	17.8	26.4	16.8	18.9	20.8	13.6	10.4	
5376  	жар	жар	s	17.8	33.1	38.2	33.2	23.7	15.4	8.2	
5377  	значимость	значимость	s	17.8	1.6	1.9	4.7	4.5	6.6	17.9	
5378  	инженерный	инженерный	a	17.8	11.3	6.4	3.7	8.9	22.0	27.0	
5379  	качать	качать	v	17.8	42.4	40.5	26.0	10.4	15.8	9.8	
5380  	луг	луг	s	17.8	43.8	31.7	21.4	34.1	24.6	11.0	
5381  	напрямую	напрямую	adv	17.8	1.2	3.8	12.6	0.0	4.8	29.0	
5382  	нарастать	нарастать	v	17.8	19.7	18.5	18.6	10.4	19.4	17.3	
5383  	наслаждаться	наслаждаться	v	17.8	19.3	16.4	26.7	26.7	26.4	15.2	
5384  	нрав	нрав	s	17.8	8.5	17.3	19.9	34.1	40.4	20.2	
5385  	ну-ка	ну-ка	intj	17.8	52.6	44.0	30.1	7.4	9.9	5.0	
5386  	обходить	обходить	v	17.8	33.5	26.5	22.4	16.3	23.1	14.7	
5387  	одиночка	одиночка	s	17.8	20.2	17.5	21.0	10.4	34.5	19.8	
5388  	пожарный	пожарный	a	17.8	7.3	18.5	12.6	13.3	9.9	20.4	
5389  	порождать	порождать	v	17.8	7.3	5.9	7.1	7.4	23.5	17.3	
5390  	профсоюз	профсоюз	s	17.8	2.8	5.0	2.7	43.0	56.9	33.4	
5391  	слуга	слуга	s	17.8	22.0	17.9	24.1	46.0	15.8	15.2	
5392  	случайность	случайность	s	17.8	18.8	19.7	22.2	31.1	27.5	15.9	
5393  	телега	телега	s	17.8	32.3	41.8	30.1	16.3	16.9	9.4	
5394  	вглядываться	вглядываться	v	17.7	43.8	28.4	32.1	17.8	10.3	7.3	
5395  	вертикальный	вертикальный	a	17.7	12.2	8.9	7.5	8.9	8.1	16.4	
5396  	воротник	воротник	s	17.7	63.8	36.5	27.2	16.3	12.5	7.7	
5397  	выполняться	выполняться	v	17.7	4.2	2.6	1.6	19.3	12.8	15.9	
5398  	затянуться	затянуться	v	17.7	24.6	21.5	25.9	16.3	16.1	17.4	
5399  	импульс	импульс	s	17.7	7.1	4.2	6.2	1.5	11.7	17.5	
5400  	киевский	киевский	a	17.7	3.9	14.8	13.4	10.4	28.6	22.3	
5401  	классика	классика	s	17.7	0.9	5.0	6.7	11.9	19.1	32.3	
5402  	крошечный	крошечный	a	17.7	27.6	17.3	29.2	17.8	23.5	15.1	
5403  	крыса	крыса	s	17.7	17.9	16.9	30.8	19.3	9.2	12.9	
5404  	крючок	крючок	s	17.7	35.6	24.8	30.1	22.2	14.7	11.8	
5405  	культ	культ	s	17.7	5.8	8.9	8.4	25.2	31.9	21.3	
5406  	минеральный	минеральный	a	17.7	5.8	4.9	7.1	26.7	19.4	18.9	
5407  	натянуть	натянуть	v	17.7	36.9	34.4	33.6	16.3	12.5	8.1	
5408  	неудобно	неудобно	adv	17.7	28.9	33.2	25.7	13.3	15.4	12.5	
5409  	обвинить	обвинить	v	17.7	11.2	11.4	12.3	23.7	23.1	29.1	
5410  	объятие	объятие	s	17.7	15.1	20.5	36.4	26.7	13.2	12.7	
5411  	отличать	отличать	v	17.7	9.9	9.3	10.2	23.7	23.5	20.9	
5412  	переписка	переписка	s	17.7	15.9	10.9	8.9	31.1	37.8	23.7	
5413  	подбирать	подбирать	v	17.7	23.8	25.1	19.8	11.9	28.2	16.4	
5414  	превращать	превращать	v	17.7	12.8	7.7	16.2	26.7	23.9	20.9	
5415  	расспрашивать	расспрашивать	v	17.7	31.0	28.5	24.8	29.6	42.2	13.9	
5416  	санаторий	санаторий	s	17.7	13.7	18.0	15.4	124.5	26.1	20.7	
5417  	скульптура	скульптура	s	17.7	18.3	13.7	9.3	25.2	19.4	22.3	
5418  	сынок	сынок	s	17.7	23.4	40.5	36.7	4.5	7.3	8.0	
5419  	формулировка	формулировка	s	17.7	7.6	5.9	6.5	3.0	16.9	21.3	
5420  	хата	хата	s	17.7	66.6	60.1	20.3	19.3	8.1	7.6	
5421  	шов	шов	s	17.7	18.3	13.3	16.0	10.4	11.4	12.7	
5422  	эффективно	эффективно	adv	17.7	0.9	0.0	2.6	3.0	5.1	26.8	
5423  	акционерный	акционерный	a	17.6	1.6	0.0	3.5	7.4	2.9	22.9	
5424  	былой	былой	a	17.6	8.3	14.8	19.4	16.3	23.5	23.8	
5425  	внутрь	внутрь	adv	17.6	14.5	16.8	36.8	5.9	10.6	10.9	
5426  	выдерживать	выдерживать	v	17.6	13.1	17.0	15.3	28.2	25.7	20.5	
5427  	выложить	выложить	v	17.6	25.0	21.9	27.8	16.3	16.9	13.9	
5428  	деяние	деяние	s	17.6	2.8	12.0	7.5	3.0	8.4	14.3	
5429  	довестись	довестись	v	17.6	9.2	11.9	10.8	19.3	29.7	28.8	
5430  	довод	довод	s	17.6	14.2	13.9	10.9	16.3	29.4	20.4	
5431  	договариваться	договариваться	v	17.6	6.6	8.3	18.1	4.5	7.3	17.5	
5432  	должный	должный	a	17.6	4.6	8.9	8.5	29.6	22.4	22.7	
5433  	издавать	издавать	v	17.6	11.5	14.7	19.4	23.7	19.8	20.2	
5434  	издалека	издалека	adv	17.6	37.2	28.9	32.0	7.4	12.8	10.5	
5435  	кандидатура	кандидатура	s	17.6	10.5	5.0	7.7	17.8	26.8	31.9	
5436  	комплект	комплект	s	17.6	7.3	5.0	6.8	5.9	8.1	26.1	
5437  	находка	находка	s	17.6	22.0	16.9	11.3	31.1	27.1	21.5	
5438  	неизменно	неизменно	adv	17.6	11.0	14.3	14.9	46.0	35.6	22.2	
5439  	отвращение	отвращение	s	17.6	27.1	23.7	31.6	29.6	15.8	10.6	
5440  	плевать	плевать	v	17.6	24.5	35.7	34.2	11.9	9.2	9.1	
5441  	покраснеть	покраснеть	v	17.6	61.7	38.1	34.3	7.4	7.7	4.3	
5442  	породить	породить	v	17.6	14.4	9.8	9.1	19.3	30.8	21.7	
5443  	приблизительно	приблизительно	adv	17.6	10.1	13.6	13.6	17.8	14.3	18.1	
5444  	привозить	привозить	v	17.6	15.4	17.0	19.4	28.2	22.4	22.0	
5445  	следственный	следственный	a	17.6	9.0	10.2	11.0	11.9	21.6	21.8	
5446  	солнышко	солнышко	s	17.6	29.6	26.2	31.6	11.9	5.9	7.6	
5447  	спуск	спуск	s	17.6	22.5	22.9	15.3	14.8	10.3	19.9	
5448  	стадион	стадион	s	17.6	13.1	14.1	9.4	51.9	27.1	28.0	
5449  	увести	увести	v	17.6	32.1	27.5	28.3	3.0	19.8	13.2	
5450  	чайка	чайка	s	17.6	19.9	28.8	18.5	41.5	13.2	20.5	
5451  	гордо	гордо	adv	17.5	23.8	23.5	30.4	13.3	16.5	14.9	
5452  	гром	гром	s	17.5	34.2	29.9	26.7	19.3	14.3	12.3	
5453  	грунт	грунт	s	17.5	13.3	8.3	5.3	4.5	10.3	14.8	
5454  	завалить	завалить	v	17.5	24.5	25.4	30.8	11.9	17.2	13.4	
5455  	заверить	заверить	v	17.5	14.4	14.2	21.3	11.9	10.6	20.3	
5456  	зажать	зажать	v	17.5	35.1	33.0	32.5	10.4	8.8	9.8	
5457  	монета	монета	s	17.5	21.8	20.7	26.1	28.2	10.3	15.2	
5458  	невинный	невинный	a	17.5	21.8	17.8	25.3	29.6	20.2	16.2	
5459  	обыск	обыск	s	17.5	18.6	13.1	19.9	7.4	36.0	20.7	
5460  	овца	овца	s	17.5	11.9	29.7	15.8	35.6	13.9	12.7	
5461  	оснастить	оснастить	v	17.5	3.4	1.7	2.9	14.8	13.9	30.4	
5462  	особняк	особняк	s	17.5	10.3	14.8	22.1	20.8	13.9	24.2	
5463  	повседневный	повседневный	a	17.5	7.1	7.2	7.5	29.6	32.6	22.4	
5464  	слышный	слышный	a	17.5	44.5	29.8	24.5	17.8	18.0	12.3	
5465  	смутный	смутный	a	17.5	20.6	23.0	27.7	28.2	18.0	14.7	
5466  	совершаться	совершаться	v	17.5	9.9	7.3	7.7	11.9	17.2	17.3	
5467  	сплошь	сплошь	adv	17.5	17.2	30.4	21.1	19.3	27.9	16.8	
5468  	станок	станок	s	17.5	26.1	13.8	9.3	41.5	33.8	20.2	
5469  	стоянка	стоянка	s	17.5	8.3	17.5	19.2	16.3	20.5	19.9	
5470  	трясти	трясти	v	17.5	44.3	34.5	31.8	5.9	14.3	8.9	
5471  	тут-то	тут-то	advpro	17.5	20.2	25.3	23.4	22.2	22.7	17.7	
5472  	тюремный	тюремный	a	17.5	31.6	13.9	15.0	25.2	76.3	19.6	
5473  	финский	финский	a	17.5	10.3	17.6	14.2	19.3	23.5	23.1	
5474  	десятка	десятка	s	17.4	14.2	22.1	17.2	11.9	27.5	22.6	
5475  	завоевать	завоевать	v	17.4	11.9	8.4	9.0	50.4	30.8	27.7	
5476  	замерзнуть	замерзнуть	v	17.4	38.1	26.7	26.2	26.7	12.5	12.7	
5477  	злость	злость	s	17.4	37.9	35.7	33.8	10.4	11.4	7.3	
5478  	импортный	импортный	a	17.4	1.2	7.4	10.4	1.5	8.8	25.4	
5479  	капитализм	капитализм	s	17.4	8.2	7.2	6.6	26.7	12.1	29.8	
5480  	клинический	клинический	a	17.4	1.1	2.2	5.8	0.0	2.2	8.0	
5481  	кошмар	кошмар	s	17.4	11.5	16.4	29.3	17.8	12.1	13.8	
5482  	ликвидировать	ликвидировать	v	17.4	12.1	8.7	8.5	17.8	23.9	26.1	
5483  	наследие	наследие	s	17.4	2.5	2.4	3.8	5.9	13.9	28.5	
5484  	обезьяна	обезьяна	s	17.4	22.1	16.6	26.2	32.6	12.5	10.9	
5485  	перемещение	перемещение	s	17.4	1.8	5.4	8.1	4.5	11.0	16.9	
5486  	переспросить	переспросить	v	17.4	36.3	33.9	42.1	4.5	5.5	4.5	
5487  	поблагодарить	поблагодарить	v	17.4	21.6	23.5	20.3	13.3	16.9	18.7	
5488  	православие	православие	s	17.4	0.7	1.9	5.2	22.2	5.9	24.6	
5489  	процентный	процентный	a	17.4	1.1	1.5	0.7	0.0	6.2	33.1	
5490  	распад	распад	s	17.4	2.7	2.9	7.7	7.4	10.3	24.5	
5491  	самоубийство	самоубийство	s	17.4	11.2	10.1	21.9	44.5	35.2	19.7	
5492  	сражение	сражение	s	17.4	20.7	22.0	14.8	19.3	33.8	21.0	
5493  	старичок	старичок	s	17.4	51.0	33.4	31.1	20.8	12.8	7.9	
5494  	усадьба	усадьба	s	17.4	19.5	16.2	16.7	43.0	16.1	16.9	
5495  	цвести	цвести	v	17.4	15.8	22.1	18.9	40.0	20.5	16.0	
5496  	благополучно	благополучно	adv	17.3	19.1	21.2	14.9	25.2	26.8	21.8	
5497  	водиться	водиться	v	17.3	19.0	21.9	28.1	17.8	12.8	16.5	
5498  	го	го	s	17.3	1.1	7.2	6.1	14.8	23.5	32.0	
5499  	заря	заря	s	17.3	33.3	26.5	18.5	43.0	26.1	15.8	
5500  	индийский	индийский	a	17.3	19.9	8.1	8.6	26.7	9.9	25.1	
5501  	истребитель	истребитель	s	17.3	13.3	15.2	3.2	13.3	12.1	27.8	
5502  	комбинация	комбинация	s	17.3	10.5	6.7	11.5	19.3	8.4	17.2	
5503  	мутный	мутный	a	17.3	33.0	27.8	33.9	26.7	15.4	8.9	
5504  	нехороший	нехороший	a	17.3	29.8	34.7	27.9	11.9	15.4	11.0	
5505  	ничего	ничего	advpro	17.3	62.0	46.3	21.6	16.3	4.0	6.2	
5506  	оглядеть	оглядеть	v	17.3	54.2	35.6	37.6	7.4	8.4	4.1	
5507  	олимпиада	олимпиада	s	17.3	2.7	4.9	3.4	19.3	9.9	36.7	
5508  	откликнуться	откликнуться	v	17.3	20.7	27.9	26.8	22.2	14.3	15.0	
5509  	очаг	очаг	s	17.3	7.3	9.1	10.5	20.8	23.1	15.9	
5510  	папироса	папироса	s	17.3	80.1	37.0	24.1	29.6	14.3	6.8	
5511  	погладить	погладить	v	17.3	34.4	41.7	37.5	8.9	7.7	4.7	
5512  	разводить	разводить	v	17.3	28.4	25.6	22.2	10.4	15.0	14.1	
5513  	различать	различать	v	17.3	19.9	20.2	17.0	16.3	11.4	9.4	
5514  	системный	системный	a	17.3	0.0	0.6	1.6	0.0	0.7	15.5	
5515  	сознательно	сознательно	adv	17.3	6.2	11.2	10.8	17.8	31.9	22.8	
5516  	справляться	справляться	v	17.3	14.0	14.7	13.1	19.3	23.5	22.3	
5517  	энтузиазм	энтузиазм	s	17.3	7.8	11.0	15.2	25.2	29.7	24.5	
5518  	этакий	этакий	apro	17.3	20.0	30.2	20.3	14.8	15.4	18.5	
5519  	ять	ять	s	17.3	1.1	1.9	69.5	4.5	0.7	0.9	
5520  	величие	величие	s	17.2	13.8	13.4	14.1	17.8	31.9	17.8	
5521  	выписать	выписать	v	17.2	24.3	22.8	21.1	19.3	19.4	15.0	
5522  	географический	географический	a	17.2	3.7	6.4	7.3	16.3	21.6	18.3	
5523  	греметь	греметь	v	17.2	44.5	36.1	24.5	32.6	20.5	10.8	
5524  	заряд	заряд	s	17.2	16.7	8.8	8.8	1.5	24.2	12.5	
5525  	классный	классный	a	17.2	11.2	19.7	21.6	40.0	8.8	12.2	
5526  	компромисс	компромисс	s	17.2	5.0	4.1	5.8	10.4	15.8	30.2	
5527  	купол	купол	s	17.2	23.8	15.6	20.0	17.8	35.2	13.2	
5528  	ориентироваться	ориентироваться	v	17.2	5.1	5.8	8.3	3.0	13.9	25.5	
5529  	отзыв	отзыв	s	17.2	11.0	7.2	7.4	23.7	21.6	23.6	
5530  	плюнуть	плюнуть	v	17.2	26.6	34.7	34.9	1.5	7.3	8.2	
5531  	преодоление	преодоление	s	17.2	6.0	2.8	4.3	8.9	9.2	21.4	
5532  	протекать	протекать	v	17.2	7.8	12.5	8.7	19.3	18.7	12.2	
5533  	репертуар	репертуар	s	17.2	1.6	5.1	5.8	53.4	38.9	33.5	
5534  	рюкзак	рюкзак	s	17.2	18.4	38.2	29.1	3.0	20.5	12.1	
5535  	сено	сено	s	17.2	45.2	46.7	20.9	51.9	23.1	9.4	
5536  	согласование	согласование	s	17.2	0.9	0.8	2.2	0.0	5.5	22.7	
5537  	ставиться	ставиться	v	17.2	5.8	5.1	3.9	16.3	23.1	21.8	
5538  	тверской	тверской	a	17.2	1.9	9.1	13.9	8.9	11.7	29.0	
5539  	украшать	украшать	v	17.2	12.1	15.1	15.7	26.7	25.3	21.4	
5540  	фундамент	фундамент	s	17.2	12.6	8.8	8.1	14.8	24.2	21.8	
5541  	жилище	жилище	s	17.1	12.2	14.6	18.9	13.3	31.2	17.6	
5542  	заводить	заводить	v	17.1	20.2	23.8	23.5	14.8	24.2	14.3	
5543  	заполнять	заполнять	v	17.1	18.1	13.1	17.9	25.2	27.5	16.0	
5544  	изумление	изумление	s	17.1	20.7	22.0	32.0	20.8	10.3	11.2	
5545  	насекомое	насекомое	s	17.1	28.5	7.9	17.7	22.2	18.3	9.9	
5546  	освещение	освещение	s	17.1	11.9	8.2	10.4	31.1	21.3	20.4	
5547  	плавание	плавание	s	17.1	11.7	24.7	7.8	31.1	20.9	20.9	
5548  	пленум	пленум	s	17.1	1.6	6.5	1.8	152.7	88.4	21.2	
5549  	позор	позор	s	17.1	22.3	26.6	23.9	8.9	18.7	15.7	
5550  	предельно	предельно	adv	17.1	5.8	6.0	9.1	13.3	19.4	25.1	
5551  	прибегать	прибегать	v	17.1	14.0	15.2	12.7	29.6	29.7	18.9	
5552  	присоединиться	присоединиться	v	17.1	15.4	11.1	16.8	20.8	12.8	22.3	
5553  	промежуточный	промежуточный	a	17.1	3.5	3.1	4.9	3.0	13.6	12.4	
5554  	прочность	прочность	s	17.1	6.0	6.7	5.1	32.6	19.1	18.8	
5555  	разбойник	разбойник	s	17.1	35.1	30.1	33.4	8.9	11.4	7.3	
5556  	стройка	стройка	s	17.1	16.7	11.8	17.1	60.8	42.5	20.9	
5557  	убегать	убегать	v	17.1	25.7	28.4	29.6	19.3	24.2	10.9	
5558  	челюсть	челюсть	s	17.1	33.5	24.3	29.7	10.4	4.8	8.6	
5559  	шепнуть	шепнуть	v	17.1	41.1	32.4	34.9	11.9	10.3	7.4	
5560  	аукцион	аукцион	s	17.0	0.0	1.3	7.2	1.5	6.2	31.9	
5561  	благополучие	благополучие	s	17.0	8.7	8.9	9.5	20.8	23.1	24.1	
5562  	вопль	вопль	s	17.0	25.0	23.9	32.0	16.3	17.6	10.9	
5563  	гражданство	гражданство	s	17.0	0.7	2.8	4.9	7.4	4.0	27.2	
5564  	дипломатический	дипломатический	a	17.0	6.0	4.0	5.4	53.4	14.3	26.8	
5565  	катер	катер	s	17.0	23.8	27.5	18.0	11.9	17.2	13.9	
5566  	лагерный	лагерный	a	17.0	59.5	15.1	11.2	4.5	90.6	16.0	
5567  	опасение	опасение	s	17.0	15.4	13.6	10.1	17.8	18.0	25.5	
5568  	перебирать	перебирать	v	17.0	39.9	27.4	30.9	14.8	16.1	9.4	
5569  	полноценный	полноценный	a	17.0	3.2	2.8	7.2	14.8	7.0	27.4	
5570  	полночь	полночь	s	17.0	19.3	21.4	29.6	23.7	19.4	14.3	
5571  	прилавок	прилавок	s	17.0	20.0	25.4	27.2	4.5	19.4	15.1	
5572  	противостоять	противостоять	v	17.0	3.5	5.8	7.4	4.5	17.2	27.0	
5573  	прохладный	прохладный	a	17.0	29.8	26.2	29.3	11.9	7.7	12.2	
5574  	скончаться	скончаться	v	17.0	4.4	7.4	15.3	31.1	20.5	25.4	
5575  	субъективный	субъективный	a	17.0	1.4	3.8	1.8	5.9	15.0	14.3	
5576  	чертеж	чертеж	s	17.0	33.7	10.6	8.2	10.4	20.5	13.1	
5577  	чистить	чистить	v	17.0	35.1	24.7	21.8	22.2	18.7	13.4	
5578  	эмиграция	эмиграция	s	17.0	2.5	6.8	8.9	54.9	29.0	28.6	
5579  	эшелон	эшелон	s	17.0	47.0	26.4	8.6	0.0	44.4	18.8	
5580  	аккуратный	аккуратный	a	16.9	25.7	27.0	28.1	22.2	15.0	12.1	
5581  	возражение	возражение	s	16.9	14.2	14.3	11.0	7.4	18.0	14.1	
5582  	интрига	интрига	s	16.9	3.2	8.9	12.6	25.2	18.7	28.7	
5583  	квадрат	квадрат	s	16.9	14.7	15.2	16.8	32.6	13.6	12.5	
5584  	констатировать	констатировать	v	16.9	4.6	3.7	17.6	4.5	11.7	20.5	
5585  	легендарный	легендарный	a	16.9	5.1	9.5	8.0	16.3	18.3	31.7	
5586  	людской	людской	a	16.9	16.1	27.5	21.7	17.8	22.7	14.8	
5587  	люсин	люсин	a	16.9	16.7	108.7	26.7	1.5	0.0	0.0	
5588  	обитатель	обитатель	s	16.9	20.6	10.6	20.4	17.8	27.9	18.7	
5589  	перехватить	перехватить	v	16.9	31.7	28.6	35.2	8.9	8.1	8.6	
5590  	пожить	пожить	v	16.9	23.9	28.6	26.4	3.0	12.5	13.6	
5591  	порция	порция	s	16.9	24.8	16.8	20.1	7.4	19.1	15.8	
5592  	предельный	предельный	a	16.9	6.9	6.1	4.5	8.9	13.2	17.1	
5593  	растерянно	растерянно	adv	16.9	49.3	35.4	36.5	7.4	7.7	4.3	
5594  	секция	секция	s	16.9	4.4	10.9	7.0	37.1	10.6	23.0	
5595  	старец	старец	s	16.9	4.2	16.2	10.8	62.3	10.6	13.5	
5596  	стукнуть	стукнуть	v	16.9	44.5	37.2	32.2	5.9	7.7	6.5	
5597  	угодить	угодить	v	16.9	18.8	29.3	28.7	8.9	16.9	13.4	
5598  	цыган	цыган	s	16.9	30.7	22.1	36.1	10.4	5.9	9.5	
5599  	шерсть	шерсть	s	16.9	29.1	25.3	23.4	43.0	19.4	11.7	
5600  	ясность	ясность	s	16.9	25.0	24.9	15.0	28.2	37.0	14.6	
5601  	бывало	бывало	adv	16.8	38.3	33.0	22.6	46.0	23.5	11.7	
5602  	вал	вал	s	16.8	25.4	14.2	13.3	14.8	17.6	17.0	
5603  	вмешаться	вмешаться	v	16.8	34.6	25.7	26.6	8.9	14.7	12.8	
5604  	вытереть	вытереть	v	16.8	50.5	37.5	35.2	10.4	5.5	3.5	
5605  	грамота	грамота	s	16.8	10.5	16.0	15.7	35.6	17.6	15.9	
5606  	девяносто	девяносто	num	16.8	15.2	19.1	30.8	13.3	15.0	12.1	
5607  	доброта	доброта	s	16.8	31.2	26.7	19.2	59.3	29.0	14.8	
5608  	документация	документация	s	16.8	5.5	2.7	3.0	11.9	5.5	17.6	
5609  	единственно	единственно	adv	16.8	15.8	12.5	17.7	16.3	16.9	17.4	
5610  	занятость	занятость	s	16.8	2.1	3.3	3.1	1.5	6.6	18.4	
5611  	здравый	здравый	a	16.8	8.7	12.9	14.9	16.3	19.4	22.8	
5612  	коляска	коляска	s	16.8	23.9	43.9	25.5	13.3	14.3	9.7	
5613  	консерватория	консерватория	s	16.8	9.8	10.6	7.0	14.8	17.2	32.0	
5614  	насквозь	насквозь	adv	16.8	29.4	28.6	27.3	16.3	12.8	12.0	
5615  	обнаружиться	обнаружиться	v	16.8	9.0	15.3	22.9	14.8	16.1	17.6	
5616  	органический	органический	a	16.8	3.5	2.2	2.3	26.7	14.7	11.4	
5617  	очутиться	очутиться	v	16.8	44.8	38.4	27.4	22.2	16.9	8.0	
5618  	порошок	порошок	s	16.8	23.4	12.5	17.7	8.9	17.6	12.4	
5619  	порядочный	порядочный	a	16.8	19.3	27.0	20.4	17.8	26.8	16.1	
5620  	преступность	преступность	s	16.8	0.5	2.4	12.4	4.5	6.6	29.0	
5621  	прикладной	прикладной	a	16.8	0.7	1.0	2.1	7.4	4.8	13.2	
5622  	примитивный	примитивный	a	16.8	14.7	12.0	14.5	28.2	34.1	18.6	
5623  	размах	размах	s	16.8	15.9	18.3	20.8	14.8	21.3	16.5	
5624  	расстрел	расстрел	s	16.8	12.8	22.1	12.0	31.1	71.2	21.4	
5625  	растительный	растительный	a	16.8	4.8	3.5	4.5	5.9	25.7	17.5	
5626  	рвануть	рвануть	v	16.8	25.0	28.9	35.1	7.4	5.1	10.0	
5627  	составление	составление	s	16.8	3.9	1.3	3.7	11.9	11.0	15.8	
5628  	труппа	труппа	s	16.8	1.8	2.8	5.2	34.1	23.1	36.1	
5629  	уплата	уплата	s	16.8	0.7	1.4	2.2	5.9	4.0	20.4	
5630  	фашист	фашист	s	16.8	53.5	23.0	10.5	13.3	30.1	18.8	
5631  	чайный	чайный	a	16.8	9.8	11.6	12.0	11.9	30.1	19.0	
5632  	экономист	экономист	s	16.8	2.5	3.8	5.2	4.5	18.3	28.7	
5633  	алмаз	алмаз	s	16.7	22.0	23.3	8.4	16.3	4.8	22.0	
5634  	влезть	влезть	v	16.7	30.3	34.0	32.0	10.4	10.6	7.5	
5635  	возрастной	возрастной	a	16.7	2.3	3.7	3.6	4.5	6.6	12.4	
5636  	воровать	воровать	v	16.7	20.0	23.4	24.8	1.5	10.6	17.2	
5637  	восхищаться	восхищаться	v	16.7	15.9	18.5	17.1	20.8	31.6	19.9	
5638  	высказаться	высказаться	v	16.7	9.2	14.7	11.6	13.3	26.4	23.9	
5639  	долгосрочный	долгосрочный	a	16.7	0.0	1.1	1.5	0.0	2.2	25.5	
5640  	замечательно	замечательно	adv	16.7	8.0	14.3	17.8	20.8	17.6	20.9	
5641  	изменяться	изменяться	v	16.7	4.2	3.3	2.9	4.5	9.2	9.8	
5642  	интервал	интервал	s	16.7	4.1	3.2	3.5	0.0	5.9	6.4	
5643  	купе	купе	s	16.7	15.6	33.9	22.9	25.2	44.4	14.1	
5644  	литр	литр	s	16.7	6.2	8.6	10.8	14.8	15.8	26.8	
5645  	лысый	лысый	a	16.7	28.2	29.9	36.5	11.9	7.3	7.5	
5646  	минус	минус	s	16.7	6.4	6.1	9.7	10.4	31.2	23.4	
5647  	обозначать	обозначать	v	16.7	6.9	11.0	10.5	20.8	9.5	13.0	
5648  	обряд	обряд	s	16.7	10.5	9.1	12.8	34.1	20.2	17.7	
5649  	обслуживать	обслуживать	v	16.7	10.1	7.3	9.6	22.2	17.2	22.9	
5650  	отныне	отныне	adv	16.7	10.8	20.2	17.8	7.4	14.3	21.1	
5651  	переворот	переворот	s	16.7	4.4	5.9	10.0	38.5	16.5	27.5	
5652  	поворачивать	поворачивать	v	16.7	43.6	25.8	23.9	4.5	13.9	9.1	
5653  	поклониться	поклониться	v	16.7	40.8	38.4	26.5	7.4	12.5	7.2	
5654  	поляк	поляк	s	16.7	9.4	17.1	20.7	8.9	26.8	20.1	
5655  	помереть	помереть	v	16.7	31.0	41.8	34.5	13.3	7.0	5.0	
5656  	предчувствие	предчувствие	s	16.7	19.0	29.5	27.2	19.3	26.1	10.8	
5657  	причинить	причинить	v	16.7	11.5	9.2	9.7	8.9	5.9	11.7	
5658  	провинциальный	провинциальный	a	16.7	5.7	15.6	15.6	25.2	24.9	24.1	
5659  	смертельный	смертельный	a	16.7	19.5	19.1	21.3	10.4	19.4	18.3	
5660  	тупик	тупик	s	16.7	13.7	16.1	18.2	7.4	20.5	20.1	
5661  	упаковка	упаковка	s	16.7	3.0	3.3	15.0	5.9	5.1	16.1	
5662  	футбольный	футбольный	a	16.7	9.0	9.8	7.7	17.8	19.4	30.6	
5663  	хрупкий	хрупкий	a	16.7	20.6	15.5	21.1	23.7	15.8	16.3	
5664  	экспозиция	экспозиция	s	16.7	3.0	3.5	3.2	7.4	8.8	29.6	
5665  	выпивать	выпивать	v	16.6	17.0	24.6	28.6	7.4	15.0	14.0	
5666  	дернуть	дернуть	v	16.6	33.3	36.1	39.2	11.9	8.1	3.8	
5667  	дракон	дракон	s	16.6	11.2	6.7	36.3	19.3	11.0	11.0	
5668  	ежегодный	ежегодный	a	16.6	2.3	1.8	2.6	5.9	11.7	27.6	
5669  	жаждать	жаждать	v	16.6	14.4	19.3	20.4	19.3	16.5	17.3	
5670  	заехать	заехать	v	16.6	21.4	20.1	28.7	14.8	17.6	13.8	
5671  	импорт	импорт	s	16.6	0.0	0.0	1.0	1.5	7.3	23.0	
5672  	инфляция	инфляция	s	16.6	0.0	2.0	2.1	4.5	7.3	33.4	
5673  	колоссальный	колоссальный	a	16.6	18.6	6.3	6.5	17.8	17.2	26.3	
5674  	мыло	мыло	s	16.6	21.1	23.8	20.8	11.9	22.7	11.6	
5675  	налогообложение	налогообложение	s	16.6	0.0	0.0	0.6	0.0	0.7	30.2	
5676  	недоверие	недоверие	s	16.6	14.7	13.8	10.6	10.4	27.1	24.0	
5677  	останавливать	останавливать	v	16.6	19.9	19.1	21.8	11.9	15.8	14.6	
5678  	отчаянно	отчаянно	adv	16.6	27.8	35.7	29.7	5.9	16.5	9.7	
5679  	панель	панель	s	16.6	12.6	4.6	11.3	13.3	4.8	18.9	
5680  	подводить	подводить	v	16.6	13.5	13.8	13.3	13.3	22.7	19.8	
5681  	разочарование	разочарование	s	16.6	15.2	14.4	17.4	28.2	22.4	19.6	
5682  	сколь	сколь	advpro	16.6	12.4	24.4	16.5	8.9	20.2	16.7	
5683  	соединять	соединять	v	16.6	12.1	12.3	12.7	16.3	16.1	15.1	
5684  	сюрприз	сюрприз	s	16.6	9.9	11.8	19.2	4.5	16.1	22.1	
5685  	тропа	тропа	s	16.6	22.3	23.3	27.2	34.1	42.5	10.7	
5686  	упираться	упираться	v	16.6	33.5	27.2	25.0	10.4	12.8	11.4	
5687  	хвалить	хвалить	v	16.6	23.4	24.6	14.2	17.8	31.2	17.9	
5688  	беженец	беженец	s	16.5	4.4	7.5	7.8	5.9	11.0	27.1	
5689  	вероятный	вероятный	a	16.5	4.6	8.2	9.0	1.5	7.3	20.9	
5690  	в-третьих	в-третьих	adv	16.5	5.3	7.0	9.2	4.5	15.0	22.6	
5691  	досада	досада	s	16.5	40.1	36.3	30.1	17.8	13.6	7.1	
5692  	древесина	древесина	s	16.5	6.6	1.7	3.3	14.8	6.2	13.5	
5693  	запасной	запасной	a	16.5	19.1	12.9	14.9	11.9	23.5	18.1	
5694  	издержки	издержки	s	16.5	0.0	1.1	2.4	0.0	5.9	25.7	
5695  	коммуникация	коммуникация	s	16.5	4.6	2.7	2.9	1.5	5.9	23.5	
5696  	любовница	любовница	s	16.5	5.8	9.5	32.1	5.9	3.3	8.8	
5697  	модуль	модуль	s	16.5	0.0	0.0	0.6	0.0	0.0	10.7	
5698  	нетерпение	нетерпение	s	16.5	26.2	29.5	25.5	13.3	19.4	11.7	
5699  	обманывать	обманывать	v	16.5	28.2	28.3	21.1	16.3	19.4	13.8	
5700  	отразить	отразить	v	16.5	13.7	6.7	7.5	22.2	18.7	17.2	
5701  	парадный	парадный	a	16.5	17.7	16.5	24.9	20.8	13.9	15.1	
5702  	певица	певица	s	16.5	9.4	12.9	10.3	13.3	12.1	29.8	
5703  	питерский	питерский	a	16.5	0.9	2.6	11.2	10.4	4.0	33.6	
5704  	подобие	подобие	s	16.5	11.5	10.5	21.2	10.4	18.3	15.8	
5705  	поединок	поединок	s	16.5	5.5	12.3	21.4	13.3	18.3	21.8	
5706  	прогрессивный	прогрессивный	a	16.5	4.2	8.8	8.4	65.2	33.4	19.8	
5707  	пятьсот	пятьсот	num	16.5	23.0	18.7	24.9	19.3	20.5	11.5	
5708  	рельс	рельс	s	16.5	19.0	29.0	19.9	26.7	23.5	13.7	
5709  	святитель	святитель	s	16.5	0.5	0.0	0.9	0.0	3.7	17.6	
5710  	сжимать	сжимать	v	16.5	31.2	24.3	35.0	17.8	5.9	7.6	
5711  	участковый	участковый	s	16.5	141.4	8.8	18.2	1.5	1.1	5.1	
5712  	яд	яд	s	16.5	19.9	20.3	25.3	19.3	18.0	13.3	
5713  	видимый	видимый	a	16.4	17.7	8.9	16.4	14.8	14.3	13.5	
5714  	вмешиваться	вмешиваться	v	16.4	22.5	19.3	15.9	16.3	23.9	18.0	
5715  	внучка	внучка	s	16.4	11.2	23.7	27.1	11.9	10.6	15.2	
5716  	горожанин	горожанин	s	16.4	7.6	5.8	9.2	1.5	18.3	27.9	
5717  	дилер	дилер	s	16.4	0.0	0.0	2.2	0.0	0.0	39.1	
5718  	желающий	желающий	s	16.4	6.0	5.5	10.7	5.9	13.6	27.9	
5719  	кое-как	кое-как	advpro	16.4	22.3	29.4	31.4	16.3	18.7	9.8	
5720  	кое-какой	кое-какой	apro	16.4	21.3	22.0	27.1	19.3	17.6	13.7	
5721  	кооператив	кооператив	s	16.4	1.1	9.2	7.1	25.2	20.5	20.4	
5722  	кружиться	кружиться	v	16.4	42.0	33.4	27.9	35.6	10.6	8.2	
5723  	митинг	митинг	s	16.4	9.4	8.7	12.5	74.1	33.0	24.7	
5724  	моделирование	моделирование	s	16.4	0.7	0.9	0.0	1.5	2.2	5.7	
5725  	наложить	наложить	v	16.4	11.2	13.9	16.3	23.7	13.2	16.7	
5726  	обложка	обложка	s	16.4	9.8	17.0	18.3	31.1	21.3	18.8	
5727  	обоснование	обоснование	s	16.4	2.1	1.9	1.5	0.0	8.4	15.9	
5728  	организованный	организованный	a	16.4	4.4	3.6	9.8	19.3	12.1	20.4	
5729  	парадокс	парадокс	s	16.4	3.4	9.7	7.2	10.4	19.8	19.7	
5730  	пограничный	пограничный	a	16.4	7.8	4.7	7.2	7.4	8.4	19.8	
5731  	прописать	прописать	v	16.4	7.1	9.8	11.7	0.0	7.0	26.5	
5732  	ресница	ресница	s	16.4	41.8	33.2	29.1	13.3	6.6	7.1	
5733  	рождество	рождество	s	16.4	8.7	8.3	10.8	16.3	15.8	20.9	
5734  	сугубо	сугубо	adv	16.4	5.5	8.2	10.5	11.9	27.9	24.2	
5735  	трижды	трижды	adv	16.4	15.1	20.5	20.0	13.3	19.8	17.1	
5736  	удостоверение	удостоверение	s	16.4	14.9	14.7	16.6	7.4	13.9	16.4	
5737  	улучшить	улучшить	v	16.4	2.8	4.1	4.5	35.6	17.2	23.9	
5738  	ухаживать	ухаживать	v	16.4	17.9	17.6	20.3	28.2	22.7	15.8	
5739  	ферма	ферма	s	16.4	21.8	15.7	13.0	219.4	38.9	13.3	
5740  	формально	формально	adv	16.4	3.2	6.0	7.6	8.9	18.3	25.5	
5741  	вице-премьер	вице-премьер	s	16.3	0.0	0.0	2.2	0.0	0.0	40.7	
5742  	временно	временно	adv	16.3	14.4	14.8	15.4	5.9	17.6	17.5	
5743  	горка	горка	s	16.3	17.7	22.4	20.7	22.2	15.4	15.3	
5744  	горшок	горшок	s	16.3	26.6	25.3	22.8	22.2	11.7	12.0	
5745  	декларация	декларация	s	16.3	5.5	2.2	2.9	16.3	6.2	25.2	
5746  	декоративный	декоративный	a	16.3	1.2	2.2	4.2	46.0	9.9	21.8	
5747  	дизайнер	дизайнер	s	16.3	0.0	0.9	3.9	1.5	1.5	30.8	
5748  	добровольный	добровольный	a	16.3	6.2	5.4	8.3	7.4	12.5	22.7	
5749  	добывать	добывать	v	16.3	15.1	20.5	12.6	16.3	19.8	19.2	
5750  	дрогнуть	дрогнуть	v	16.3	44.8	30.1	31.4	8.9	9.9	7.0	
5751  	звенеть	звенеть	v	16.3	40.8	37.6	28.4	17.8	10.6	7.7	
5752  	каблук	каблук	s	16.3	31.6	31.1	30.5	8.9	9.5	8.3	
5753  	кассета	кассета	s	16.3	7.6	3.7	32.7	0.0	4.4	16.7	
5754  	латинский	латинский	a	16.3	4.8	8.3	9.8	19.3	12.1	17.1	
5755  	микрофон	микрофон	s	16.3	19.1	16.1	23.0	11.9	19.8	17.4	
5756  	недовольство	недовольство	s	16.3	12.6	10.2	10.8	22.2	24.2	25.8	
5757  	недоступный	недоступный	a	16.3	16.8	16.2	14.9	23.7	16.9	16.2	
5758  	ниже	ниже	adv	16.3	9.9	10.2	10.1	11.9	9.5	14.1	
5759  	оглядеться	оглядеться	v	16.3	28.5	27.9	41.5	7.4	8.8	4.7	
5760  	ограничиваться	ограничиваться	v	16.3	3.7	4.2	5.2	29.6	12.5	20.5	
5761  	ожидаться	ожидаться	v	16.3	3.2	8.1	6.1	8.9	10.3	29.9	
5762  	осмотр	осмотр	s	16.3	12.6	10.4	11.7	16.3	13.2	13.7	
5763  	отклонение	отклонение	s	16.3	6.2	5.2	4.9	8.9	9.2	12.3	
5764  	паника	паника	s	16.3	16.8	19.8	23.2	8.9	24.9	16.6	
5765  	пирог	пирог	s	16.3	32.3	23.8	19.3	8.9	35.2	14.7	
5766  	пожелание	пожелание	s	16.3	4.4	6.7	8.1	13.3	22.0	24.6	
5767  	познакомить	познакомить	v	16.3	14.4	17.3	18.3	25.2	20.9	19.2	
5768  	поистине	поистине	adv	16.3	6.9	5.9	8.6	38.5	26.1	23.0	
5769  	походка	походка	s	16.3	31.7	29.9	25.9	29.6	19.8	11.0	
5770  	почерк	почерк	s	16.3	26.8	23.8	21.6	34.1	18.3	13.8	
5771  	равенство	равенство	s	16.3	8.7	8.9	8.3	10.4	20.2	16.5	
5772  	рекорд	рекорд	s	16.3	4.8	7.4	5.1	38.5	18.0	32.4	
5773  	сознавать	сознавать	v	16.3	24.3	20.5	14.0	32.6	32.6	13.6	
5774  	сталь	сталь	s	16.3	12.4	12.0	10.8	26.7	16.9	19.2	
5775  	табак	табак	s	16.3	41.8	29.9	17.2	16.3	27.9	13.3	
5776  	тяга	тяга	s	16.3	8.2	9.7	13.0	13.3	25.3	21.1	
5777  	чересчур	чересчур	adv	16.3	19.7	31.7	24.2	13.3	20.5	13.1	
5778  	шоу	шоу	s	16.3	0.0	1.3	6.8	4.5	11.0	33.2	
5779  	вправду	вправду	adv	16.2	13.8	31.7	34.0	5.9	9.2	9.3	
5780  	грузовой	грузовой	a	16.2	9.2	12.0	7.0	4.5	10.3	21.8	
5781  	заменять	заменять	v	16.2	12.2	11.5	11.5	25.2	31.6	17.8	
5782  	запеть	запеть	v	16.2	39.7	38.9	25.1	13.3	14.7	9.2	
5783  	зрительный	зрительный	a	16.2	11.5	6.0	5.8	66.7	41.8	18.4	
5784  	коза	коза	s	16.2	27.1	19.7	27.6	19.3	7.3	10.3	
5785  	монолог	монолог	s	16.2	5.8	10.4	14.5	13.3	36.7	23.8	
5786  	небрежно	небрежно	adv	16.2	42.2	28.0	30.6	22.2	16.1	7.4	
5787  	ниша	ниша	s	16.2	18.8	9.3	10.8	4.5	9.2	20.9	
5788  	овладеть	овладеть	v	16.2	19.7	16.0	18.1	17.8	26.1	14.8	
5789  	параллельный	параллельный	a	16.2	6.7	7.2	11.1	8.9	8.8	14.7	
5790  	побеждать	побеждать	v	16.2	6.2	9.1	11.0	19.3	18.0	24.5	
5791  	почка	почка	s	16.2	7.3	11.5	15.4	7.4	11.0	13.2	
5792  	предъявлять	предъявлять	v	16.2	2.8	6.3	8.3	8.9	17.6	17.2	
5793  	препятствовать	препятствовать	v	16.2	3.2	2.6	5.8	7.4	10.3	17.6	
5794  	пятерка	пятерка	s	16.2	22.7	24.8	14.9	14.8	19.8	17.0	
5795  	раскрывать	раскрывать	v	16.2	17.6	10.9	11.5	32.6	19.1	16.1	
5796  	свод	свод	s	16.2	13.5	14.3	12.3	16.3	13.6	14.8	
5797  	смотреться	смотреться	v	16.2	4.4	6.5	17.7	5.9	8.1	21.5	
5798  	сознательный	сознательный	a	16.2	12.4	10.4	7.7	19.3	20.2	13.9	
5799  	страстный	страстный	a	16.2	15.9	11.5	17.3	38.5	24.9	18.2	
5800  	тварь	тварь	s	16.2	8.7	16.5	30.1	4.5	7.3	6.0	
5801  	увлекаться	увлекаться	v	16.2	13.5	16.2	11.9	26.7	30.1	20.9	
5802  	умственный	умственный	a	16.2	9.8	8.1	10.3	10.4	12.1	12.3	
5803  	бетонный	бетонный	a	16.1	16.8	16.0	26.8	11.9	13.6	14.2	
5804  	выдумать	выдумать	v	16.1	31.4	28.5	19.9	40.0	19.1	12.3	
5805  	душ	душ	s	16.1	9.6	13.9	31.9	5.9	7.0	11.1	
5806  	заготовка	заготовка	s	16.1	5.5	7.0	4.4	50.4	36.7	15.7	
5807  	залив	залив	s	16.1	16.3	12.7	12.3	53.4	22.4	19.8	
5808  	зло	зло	adv	16.1	35.6	36.8	28.5	10.4	10.3	7.3	
5809  	испуг	испуг	s	16.1	39.5	28.6	31.5	11.9	12.5	7.4	
5810  	конвенция	конвенция	s	16.1	2.1	1.1	1.1	3.0	3.7	16.4	
5811  	медсестра	медсестра	s	16.1	6.4	15.9	35.1	13.3	8.8	12.7	
5812  	мрак	мрак	s	16.1	39.0	24.4	25.8	20.8	11.7	8.5	
5813  	мундир	мундир	s	16.1	40.1	34.7	22.0	17.8	16.1	11.4	
5814  	напугать	напугать	v	16.1	16.7	21.2	27.7	16.3	22.4	13.1	
5815  	нарезать	нарезать	v	16.1	12.6	11.9	13.1	1.5	31.6	16.6	
5816  	обстоять	обстоять	v	16.1	8.7	12.7	8.5	23.7	24.9	22.1	
5817  	ответный	ответный	a	16.1	10.8	12.9	15.0	10.4	16.1	17.6	
5818  	писаться	писаться	v	16.1	9.6	12.4	13.3	29.6	27.9	19.9	
5819  	погрузить	погрузить	v	16.1	19.3	19.1	20.8	11.9	19.8	13.6	
5820  	пузырь	пузырь	s	16.1	32.4	17.9	24.9	3.0	7.0	9.3	
5821  	расходиться	расходиться	v	16.1	25.7	24.3	18.4	19.3	17.6	13.7	
5822  	рыбный	рыбный	a	16.1	11.9	10.4	13.2	13.3	19.1	21.0	
5823  	связаться	связаться	v	16.1	22.7	15.9	24.5	8.9	16.9	14.1	
5824  	статуя	статуя	s	16.1	31.6	15.2	18.6	22.2	14.3	14.3	
5825  	тысячелетие	тысячелетие	s	16.1	19.9	6.3	9.5	13.3	12.8	19.6	
5826  	удобство	удобство	s	16.1	10.8	16.0	11.9	22.2	23.5	18.7	
5827  	усилить	усилить	v	16.1	10.3	10.4	7.8	29.6	15.8	22.8	
5828  	аллея	аллея	s	16.0	31.7	28.5	20.6	48.9	12.1	10.3	
5829  	бездна	бездна	s	16.0	24.5	15.9	23.1	25.2	16.9	13.5	
5830  	величество	величество	s	16.0	22.0	25.1	27.7	57.8	9.9	9.8	
5831  	ветхий	ветхий	a	16.0	9.6	10.0	14.7	11.9	11.7	13.4	
5832  	вилка	вилка	s	16.0	15.2	20.3	30.9	11.9	12.1	10.0	
5833  	гул	гул	s	16.0	38.3	27.9	26.7	23.7	18.0	9.8	
5834  	иерархия	иерархия	s	16.0	3.2	2.6	7.4	1.5	10.3	14.9	
5835  	кое-кто	кое-кто	spro	16.0	21.4	21.1	21.8	25.2	36.7	15.3	
5836  	компетенция	компетенция	s	16.0	2.7	1.8	2.9	0.0	4.8	13.6	
5837  	лунный	лунный	a	16.0	34.2	22.2	23.1	19.3	11.7	11.7	
5838  	матушка	матушка	s	16.0	12.4	24.7	36.9	3.0	5.5	7.8	
5839  	молоденький	молоденький	a	16.0	27.6	33.0	24.7	25.2	22.0	10.9	
5840  	напиться	напиться	v	16.0	23.6	35.7	32.2	7.4	9.5	7.4	
5841  	нелегкий	нелегкий	a	16.0	16.5	16.0	11.5	22.2	36.7	22.0	
5842  	неудачный	неудачный	a	16.0	13.3	12.0	13.9	17.8	18.7	21.1	
5843  	ничтожный	ничтожный	a	16.0	22.5	19.8	16.5	11.9	22.7	13.2	
5844  	оплатить	оплатить	v	16.0	4.8	5.6	12.5	5.9	15.8	22.5	
5845  	оппонент	оппонент	s	16.0	5.0	7.3	6.2	1.5	5.5	29.7	
5846  	отдаленный	отдаленный	a	16.0	21.8	17.6	11.8	25.2	18.0	17.1	
5847  	петух	петух	s	16.0	39.5	32.1	24.3	10.4	10.6	9.1	
5848  	пик	пик	s	16.0	6.6	15.3	9.2	13.3	10.3	18.6	
5849  	пирамида	пирамида	s	16.0	11.2	6.9	16.4	11.9	11.4	18.4	
5850  	поведать	поведать	v	16.0	7.1	12.0	22.6	10.4	15.0	20.4	
5851  	покойник	покойник	s	16.0	16.8	23.8	38.7	8.9	8.1	7.3	
5852  	поручик	поручик	s	16.0	0.0	69.3	35.4	0.0	5.9	3.2	
5853  	последовательный	последовательный	a	16.0	2.8	3.2	3.1	14.8	8.4	14.8	
5854  	противостояние	противостояние	s	16.0	0.5	0.5	4.5	0.0	5.5	31.8	
5855  	разбирательство	разбирательство	s	16.0	0.9	5.0	3.8	7.4	3.3	12.6	
5856  	рожа	рожа	s	16.0	17.4	31.3	39.7	7.4	4.4	4.7	
5857  	руда	руда	s	16.0	15.1	5.4	2.1	11.9	10.6	16.0	
5858  	связка	связка	s	16.0	11.0	12.8	17.2	4.5	10.6	13.7	
5859  	так-то	так-то	advpro	16.0	25.5	37.7	21.4	11.9	20.2	10.2	
5860  	уничтожать	уничтожать	v	16.0	18.6	16.2	11.8	10.4	25.3	19.6	
5861  	урегулирование	урегулирование	s	16.0	0.0	0.0	0.0	8.9	2.6	21.1	
5862  	фирменный	фирменный	a	16.0	0.9	7.4	11.5	0.0	4.8	24.8	
5863  	фокус	фокус	s	16.0	22.1	19.7	18.5	19.3	21.6	14.9	
5864  	шить	шить	v	16.0	19.5	25.3	17.4	19.3	24.2	14.7	
5865  	экспертный	экспертный	a	16.0	0.0	0.0	0.9	0.0	1.1	19.6	
5866  	абстрактный	абстрактный	a	15.9	8.7	6.9	7.3	53.4	20.5	14.2	
5867  	агрессивный	агрессивный	a	15.9	2.7	3.7	8.6	17.8	14.3	24.4	
5868  	аналог	аналог	s	15.9	0.0	1.0	2.9	0.0	2.6	22.1	
5869  	вторичный	вторичный	a	15.9	6.0	4.0	3.5	5.9	6.6	17.1	
5870  	занавес	занавес	s	15.9	13.8	14.7	11.2	46.0	29.4	24.2	
5871  	запросто	запросто	adv	15.9	9.4	16.6	28.5	11.9	11.0	15.0	
5872  	знаток	знаток	s	15.9	18.1	14.4	13.9	32.6	34.5	19.9	
5873  	кастрюля	кастрюля	s	15.9	21.3	23.9	24.2	5.9	11.0	11.9	
5874  	коли	коли	conj	15.9	21.3	37.5	30.8	8.9	9.5	8.4	
5875  	концерн	концерн	s	15.9	8.0	0.0	3.0	3.0	7.3	33.6	
5876  	мат	мат	s	15.9	14.0	18.4	22.2	4.5	11.0	15.4	
5877  	монополия	монополия	s	15.9	3.2	0.6	2.5	4.5	18.0	31.6	
5878  	накануне	накануне	adv	15.9	12.4	12.8	18.9	26.7	19.8	21.1	
5879  	насаждение	насаждение	s	15.9	0.5	0.0	0.7	13.3	2.9	9.3	
5880  	оборонный	оборонный	a	15.9	3.9	0.8	2.4	7.4	11.4	31.3	
5881  	оборудовать	оборудовать	v	15.9	10.1	7.2	7.2	38.5	19.8	22.6	
5882  	персональный	персональный	a	15.9	8.0	10.9	7.1	8.9	16.1	24.1	
5883  	показ	показ	s	15.9	3.5	3.1	9.4	19.3	18.0	29.1	
5884  	пол	пол	num	15.9	37.0	24.6	17.8	14.8	5.1	11.2	
5885  	портить	портить	v	15.9	19.5	17.1	22.2	22.2	16.5	14.2	
5886  	послевоенный	послевоенный	a	15.9	4.8	9.2	5.6	25.2	47.0	25.2	
5887  	продолжительность	продолжительность	s	15.9	1.9	1.5	2.2	4.5	8.1	14.8	
5888  	проработать	проработать	v	15.9	7.1	7.9	7.8	13.3	21.3	26.5	
5889  	резолюция	резолюция	s	15.9	8.2	7.3	3.1	50.4	24.2	20.3	
5890  	снижаться	снижаться	v	15.9	3.5	2.6	3.9	11.9	5.5	18.3	
5891  	стимулировать	стимулировать	v	15.9	1.8	1.8	1.7	1.5	5.9	21.3	
5892  	сходиться	сходиться	v	15.9	20.0	22.4	20.1	16.3	15.8	14.1	
5893  	творец	творец	s	15.9	5.0	7.8	9.8	29.6	10.6	20.4	
5894  	уменьшить	уменьшить	v	15.9	7.1	3.3	5.6	13.3	11.7	20.6	
5895  	щелкнуть	щелкнуть	v	15.9	39.7	33.2	37.8	8.9	3.7	3.1	
5896  	блаженный	блаженный	a	15.8	10.5	10.5	19.3	11.9	12.5	11.7	
5897  	вцепиться	вцепиться	v	15.8	30.5	32.4	34.7	4.5	7.0	6.0	
5898  	вывезти	вывезти	v	15.8	14.2	15.7	15.9	28.2	23.5	19.5	
5899  	глоток	глоток	s	15.8	19.1	27.5	36.9	13.3	5.1	7.2	
5900  	едва	едва	conj	15.8	29.9	21.5	30.7	1.5	19.4	10.0	
5901  	жадно	жадно	adv	15.8	37.4	27.0	30.6	8.9	16.5	7.6	
5902  	жестокость	жестокость	s	15.8	23.9	15.9	14.1	23.7	29.4	18.4	
5903  	заключать	заключать	v	15.8	5.7	7.7	7.7	20.8	16.5	18.2	
5904  	колокол	колокол	s	15.8	15.9	16.2	14.8	25.2	19.1	17.7	
5905  	лекарственный	лекарственный	a	15.8	1.2	1.4	2.7	1.5	1.8	10.3	
5906  	мерседес	мерседес	s	15.8	1.8	4.5	32.4	5.9	1.1	18.3	
5907  	овраг	овраг	s	15.8	37.0	44.1	19.2	10.4	13.6	7.1	
5908  	ответчик	ответчик	s	15.8	0.7	1.3	1.8	0.0	0.7	7.0	
5909  	племянник	племянник	s	15.8	18.3	25.3	28.8	11.9	11.4	11.2	
5910  	повиснуть	повиснуть	v	15.8	31.0	33.8	30.6	22.2	9.2	7.7	
5911  	подозрительный	подозрительный	a	15.8	23.0	19.6	24.1	20.8	16.1	13.8	
5912  	поздороваться	поздороваться	v	15.8	42.2	33.0	25.3	8.9	18.0	9.0	
5913  	сказочный	сказочный	a	15.8	16.3	14.6	14.4	25.2	14.3	19.9	
5914  	столовый	столовый	a	15.8	5.5	4.1	5.6	5.9	19.4	20.1	
5915  	шестнадцать	шестнадцать	num	15.8	21.1	25.3	23.3	25.2	18.7	12.1	
5916  	экскурсия	экскурсия	s	15.8	9.6	14.3	13.3	22.2	10.3	20.4	
5917  	алюминиевый	алюминиевый	a	15.7	11.9	11.5	11.6	13.3	8.1	19.7	
5918  	барабан	барабан	s	15.7	18.8	20.3	18.7	16.3	9.9	11.9	
5919  	беременность	беременность	s	15.7	3.2	4.2	11.1	11.9	1.5	12.2	
5920  	верхушка	верхушка	s	15.7	28.0	19.6	13.0	23.7	14.3	14.8	
5921  	виза	виза	s	15.7	2.7	3.6	13.8	25.2	7.0	26.4	
5922  	возмещение	возмещение	s	15.7	0.0	0.8	1.1	0.0	0.7	12.5	
5923  	ворваться	ворваться	v	15.7	22.0	25.2	27.5	13.3	15.4	12.0	
5924  	выстрелить	выстрелить	v	15.7	31.4	24.2	32.7	17.8	9.2	8.3	
5925  	гибкий	гибкий	a	15.7	19.0	10.2	13.8	14.8	11.4	14.3	
5926  	гонщик	гонщик	s	15.7	0.9	5.2	0.8	8.9	4.0	37.6	
5927  	гроза	гроза	s	15.7	49.3	23.4	18.1	20.8	20.5	11.1	
5928  	забраться	забраться	v	15.7	33.3	28.8	29.7	13.3	14.3	8.3	
5929  	заданный	заданный	a	15.7	3.2	4.3	3.0	11.9	7.7	12.4	
5930  	занавеска	занавеска	s	15.7	40.2	35.7	29.0	10.4	11.7	6.5	
5931  	интенсивность	интенсивность	s	15.7	1.2	1.7	2.0	7.4	5.5	9.8	
5932  	капитальный	капитальный	a	15.7	3.5	3.3	2.9	25.2	23.9	21.3	
5933  	кристалл	кристалл	s	15.7	14.9	13.2	6.0	8.9	9.2	9.5	
5934  	металлургический	металлургический	a	15.7	2.7	1.3	1.6	11.9	12.5	29.0	
5935  	опять-таки	опять-таки	adv	15.7	11.0	11.9	9.8	13.3	20.9	16.9	
5936  	орех	орех	s	15.7	34.4	15.9	16.9	29.6	15.0	13.0	
5937  	отстаивать	отстаивать	v	15.7	5.8	7.7	6.0	19.3	21.3	26.0	
5938  	песенка	песенка	s	15.7	33.5	24.7	14.5	23.7	20.2	16.2	
5939  	полюс	полюс	s	15.7	9.0	13.1	10.8	93.4	42.2	15.5	
5940  	принцесса	принцесса	s	15.7	4.6	7.2	31.7	20.8	4.4	15.5	
5941  	проезд	проезд	s	15.7	9.9	10.7	9.7	7.4	14.3	22.1	
5942  	разложить	разложить	v	15.7	25.0	20.7	25.5	7.4	18.3	11.2	
5943  	русло	русло	s	15.7	10.3	8.9	11.7	11.9	12.5	17.1	
5944  	скользить	скользить	v	15.7	30.8	29.0	25.1	41.5	9.2	9.7	
5945  	справедливо	справедливо	adv	15.7	5.0	8.7	11.5	20.8	16.9	18.7	
5946  	тепловой	тепловой	a	15.7	4.4	1.4	1.4	14.8	8.8	15.0	
5947  	утрата	утрата	s	15.7	8.7	8.4	9.0	35.6	16.5	15.2	
5948  	электричка	электричка	s	15.7	8.9	19.7	30.5	4.5	8.8	14.2	
5949  	администратор	администратор	s	15.6	10.8	6.8	16.7	3.0	27.5	19.0	
5950  	благополучный	благополучный	a	15.6	13.5	13.2	11.1	29.6	24.2	21.5	
5951  	будка	будка	s	15.6	34.7	32.0	30.0	17.8	14.3	7.1	
5952  	верста	верста	s	15.6	33.3	31.7	22.7	41.5	24.9	9.0	
5953  	граната	граната	s	15.6	50.9	13.6	20.4	11.9	12.8	14.0	
5954  	да-да	да-да	part	15.6	12.8	23.8	32.1	3.0	9.9	8.1	
5955  	дева	дева	s	15.6	10.5	12.9	17.1	20.8	8.4	14.4	
5956  	заговор	заговор	s	15.6	16.5	8.3	17.2	28.2	19.8	20.8	
5957  	застрять	застрять	v	15.6	24.1	27.5	27.9	1.5	14.7	10.5	
5958  	известность	известность	s	15.6	3.9	11.4	9.7	29.6	22.0	22.9	
5959  	изобрести	изобрести	v	15.6	18.1	16.0	12.9	25.2	18.3	18.7	
5960  	интимный	интимный	a	15.6	6.2	6.8	15.3	23.7	13.9	15.2	
5961  	материнский	материнский	a	15.6	16.3	15.2	20.1	17.8	12.5	12.7	
5962  	мучительно	мучительно	adv	15.6	24.1	29.4	22.3	19.3	20.5	12.4	
5963  	неважно	неважно	adv	15.6	14.2	17.6	19.7	8.9	7.7	17.8	
5964  	незадолго	незадолго	adv	15.6	7.8	10.0	10.8	40.0	29.7	24.5	
5965  	ненадолго	ненадолго	adv	15.6	15.8	23.1	27.4	10.4	13.9	12.2	
5966  	обновление	обновление	s	15.6	0.5	3.2	2.7	17.8	20.2	22.6	
5967  	окрестность	окрестность	s	15.6	9.0	9.7	17.0	20.8	12.5	15.6	
5968  	олень	олень	s	15.6	7.8	22.2	13.7	13.3	21.3	18.7	
5969  	оправдание	оправдание	s	15.6	16.1	16.8	14.6	5.9	23.1	16.6	
5970  	оранжевый	оранжевый	a	15.6	23.0	26.0	24.0	22.2	5.5	11.0	
5971  	отвергнуть	отвергнуть	v	15.6	9.8	12.3	11.6	17.8	20.2	18.2	
5972  	относить	относить	v	15.6	8.0	7.2	6.8	5.9	10.6	16.8	
5973  	пена	пена	s	15.6	21.6	22.0	24.9	13.3	10.3	12.2	
5974  	писание	писание	s	15.6	6.7	8.4	8.5	57.8	19.8	12.5	
5975  	помниться	помниться	v	15.6	9.8	18.9	23.3	20.8	27.5	15.4	
5976  	приближение	приближение	s	15.6	14.4	11.9	14.8	16.3	13.2	14.2	
5977  	приоткрыть	приоткрыть	v	15.6	25.7	26.6	36.6	19.3	5.9	5.9	
5978  	прозвище	прозвище	s	15.6	12.1	25.7	22.8	29.6	16.5	14.2	
5979  	прохождение	прохождение	s	15.6	3.7	2.3	3.3	3.0	4.8	22.1	
5980  	рыдать	рыдать	v	15.6	13.1	28.6	27.9	13.3	12.5	11.2	
5981  	сдаться	сдаться	v	15.6	15.2	18.8	23.2	13.3	15.8	16.5	
5982  	слыхать	слыхать	v	15.6	44.1	45.1	20.9	23.7	10.3	7.5	
5983  	соленый	соленый	a	15.6	19.5	22.4	21.5	14.8	20.5	12.6	
5984  	стража	стража	s	15.6	7.6	8.7	19.8	11.9	8.1	14.6	
5985  	теряться	теряться	v	15.6	19.7	19.9	19.6	23.7	23.1	13.4	
5986  	толкование	толкование	s	15.6	0.9	3.5	3.3	7.4	15.4	12.2	
5987  	шок	шок	s	15.6	4.4	5.0	13.4	1.5	8.1	23.9	
5988  	бухгалтер	бухгалтер	s	15.5	22.3	16.0	17.1	14.8	14.7	15.3	
5989  	ввод	ввод	s	15.5	1.2	0.5	1.1	7.4	11.4	19.4	
5990  	возвратиться	возвратиться	v	15.5	16.8	19.2	17.3	40.0	36.3	14.8	
5991  	возложить	возложить	v	15.5	7.1	4.1	5.0	17.8	19.4	18.5	
5992  	вплотную	вплотную	adv	15.5	23.9	23.0	23.7	8.9	20.9	12.1	
5993  	вытирать	вытирать	v	15.5	47.7	33.2	29.3	7.4	8.8	4.8	
5994  	догадка	догадка	s	15.5	26.4	26.5	24.6	5.9	15.8	9.6	
5995  	зенитный	зенитный	a	15.5	9.4	4.1	2.4	10.4	9.2	23.0	
5996  	икра	икра	s	15.5	19.9	18.5	22.0	47.4	15.0	15.4	
5997  	кличка	кличка	s	15.5	12.2	20.1	25.0	28.2	17.2	14.8	
5998  	комментировать	комментировать	v	15.5	1.4	3.8	6.9	16.3	11.0	29.5	
5999  	континент	континент	s	15.5	2.1	5.1	6.6	20.8	34.5	22.4	
6000  	линейный	линейный	a	15.5	3.9	3.3	2.0	5.9	1.5	8.1

	
